3.584229390681003581e-03
7.168458781362007162e-03
1.075268817204301161e-02
1.075268817204301161e-02
3.584229390681004015e-03
0.000000000000000000e+00
1.075268817204301161e-02
1.075268817204301161e-02
0.000000000000000000e+00
2.389486260454002677e-03
1.075268817204301161e-02
1.075268817204301161e-02
7.168458781362007162e-03
1.536098310291858678e-03
1.075268817204301161e-02
2.389486260454002677e-03
3.681136650398902053e-03
3.584229390681003581e-03
1.075268817204301161e-02
3.584229390681004015e-03
1.075268817204301161e-02
1.075268817204301161e-02
2.283236358308762988e-03
7.680491551459293388e-03
3.584229390681004015e-03
3.584229390681003581e-03
7.168458781362007162e-03
3.584229390681003581e-03
3.584229390681003581e-03
4.169072268984266513e-03
1.075268817204301161e-02
1.075268817204301161e-02
1.075268817204301161e-02
7.168458781362007162e-03
1.075268817204301161e-02
1.075268817204301161e-02
1.075268817204301161e-02
1.075268817204301161e-02
2.150537634408601715e-03
4.395320378247013875e-03
1.075268817204301161e-02
1.075268817204301161e-02
4.778972520908005353e-03
1.075268817204301161e-02
1.075268817204301161e-02
2.481389578163771710e-03
0.000000000000000000e+00
1.075268817204301161e-02
1.075268817204301161e-02
3.259779713520940224e-03
5.376344086021505805e-03
2.481389578163771710e-03
0.000000000000000000e+00
0.000000000000000000e+00
1.075268817204301161e-02
1.075268817204301161e-02
1.075268817204301161e-02
1.075268817204301161e-02
1.075268817204301161e-02
6.617232373158093853e-04
2.982186504353832521e-03
1.075268817204301161e-02
1.075268817204301161e-02
1.536098310291858678e-03
7.168458781362007162e-03
1.075268817204301161e-02
1.075268817204301161e-02
1.075268817204301161e-02
0.000000000000000000e+00
3.584229390681003581e-03
1.075268817204301161e-02
5.376344086021505805e-03
0.000000000000000000e+00
1.075268817204301161e-02
3.584229390681003581e-03
1.075268817204301161e-02
1.075268817204301161e-02
1.075268817204301161e-02
3.584229390681003581e-03
3.584229390681003581e-03
0.000000000000000000e+00
3.584229390681003147e-03
1.075268817204301161e-02
1.792114695340501791e-03
1.075268817204301161e-02
3.681136650398902053e-03
1.075268817204301161e-02
2.481389578163771710e-03
3.584229390681003581e-03
7.168458781362007162e-03
1.075268817204301161e-02
1.075268817204301161e-02
7.168458781362007162e-03
3.584229390681003581e-03
2.481389578163771710e-03
3.584229390681003581e-03
1.075268817204301161e-02
1.075268817204301161e-02
3.681136650398902053e-03
2.481389578163771710e-03
1.075268817204301161e-02
1.075268817204301161e-02
1.075268817204301161e-02
8.627033453250320619e-04
1.075268817204301161e-02
1.075268817204301161e-02
0.000000000000000000e+00
1.075268817204301161e-02
0.000000000000000000e+00
7.168458781362007162e-03
1.075268817204301161e-02
1.075268817204301161e-02
1.075268817204301161e-02
3.584229390681003581e-03
0.000000000000000000e+00
2.749227632576662847e-03
1.075268817204301161e-02
1.536098310291858678e-03
2.481389578163771710e-03
1.075268817204301161e-02
1.075268817204301161e-02
3.584229390681003581e-03
0.000000000000000000e+00
1.075268817204301161e-02
2.150537634408602322e-02
1.075268817204301161e-02
1.792114695340501791e-03
1.075268817204301161e-02
2.584433886555090321e-03
2.345207440704640510e-03
0.000000000000000000e+00
1.075268817204301161e-02
1.075268817204301161e-02
2.584433886555090321e-03
1.075268817204301161e-02
8.627033453250320619e-04
7.680491551459293388e-03
3.584229390681003581e-03
0.000000000000000000e+00
1.075268817204301161e-02
2.890944789902254609e-03
7.168458781362007162e-03
6.308915890436805028e-03
2.982186504353832521e-03
1.075268817204301161e-02
0.000000000000000000e+00
1.075268817204301161e-02
1.075268817204301161e-02
3.584229390681003581e-03
1.075268817204301161e-02
1.075268817204301161e-02
2.283236358308762988e-03
1.075268817204301161e-02
0.000000000000000000e+00
3.584229390681003581e-03
7.304481974570114318e-04
1.075268817204301161e-02
1.075268817204301161e-02
3.584229390681003581e-03
2.389486260454002677e-03
1.075268817204301161e-02
1.075268817204301161e-02
1.075268817204301161e-02
1.075268817204301161e-02
1.792114695340501791e-03
1.075268817204301161e-02
5.973715651135006691e-04
2.345207440704640510e-03
1.075268817204301161e-02
0.000000000000000000e+00
1.075268817204301161e-02
3.584229390681003581e-03
3.584229390681003581e-03
1.075268817204301161e-02
1.075268817204301161e-02
6.617232373158093853e-04
1.536098310291858678e-03
3.584229390681003581e-03
1.075268817204301161e-02
0.000000000000000000e+00
0.000000000000000000e+00
1.075268817204301161e-02
3.584229390681003581e-03
1.075268817204301161e-02
1.075268817204301161e-02
1.075268817204301161e-02
1.075268817204301161e-02
1.075268817204301161e-02
1.075268817204301161e-02
0.000000000000000000e+00
1.075268817204301161e-02
1.075268817204301161e-02
3.584229390681003581e-03
7.168458781362007162e-03
1.075268817204301161e-02
1.075268817204301161e-02
1.075268817204301161e-02
1.075268817204301161e-02
7.168458781362007162e-03
3.584229390681003581e-03
2.867383512544802431e-03
1.075268817204301161e-02
0.000000000000000000e+00
1.075268817204301161e-02
2.481389578163771710e-03
1.075268817204301161e-02
1.075268817204301161e-02
1.075268817204301161e-02
1.075268817204301161e-02
3.584229390681004015e-03
3.584229390681003581e-03
3.584229390681003581e-03
3.584229390681003581e-03
1.075268817204301161e-02
1.075268817204301161e-02
0.000000000000000000e+00
7.680491551459293388e-03
0.000000000000000000e+00
1.075268817204301161e-02
1.075268817204301161e-02
1.075268817204301161e-02
7.168458781362007162e-03
1.075268817204301161e-02
3.584229390681003581e-03
3.584229390681003581e-03
1.075268817204301161e-02
1.194743130227001338e-03
1.792114695340501704e-02
1.075268817204301161e-02
1.075268817204301161e-02
2.304147465437788016e-03
1.075268817204301161e-02
1.075268817204301161e-02
1.075268817204301161e-02
1.075268817204301161e-02
1.075268817204301161e-02
1.075268817204301161e-02
0.000000000000000000e+00
1.075268817204301161e-02
3.584229390681003581e-03
1.075268817204301161e-02
1.075268817204301161e-02
3.003309948411748455e-03
1.075268817204301161e-02
1.075268817204301161e-02
2.584433886555090321e-03
7.168458781362007162e-03
3.584229390681003581e-03
1.075268817204301161e-02
1.075268817204301161e-02
0.000000000000000000e+00
1.075268817204301161e-02
1.075268817204301161e-02
7.304481974570114318e-04
2.890944789902254609e-03
1.075268817204301161e-02
1.075268817204301161e-02
1.536098310291858678e-03
2.150537634408601715e-03
1.075268817204301161e-02
1.075268817204301161e-02
2.150537634408602322e-02
0.000000000000000000e+00
1.075268817204301161e-02
3.584229390681003581e-03
3.584229390681003581e-03
1.075268817204301161e-02
2.389486260454002677e-03
1.075268817204301161e-02
3.584229390681003581e-03
1.075268817204301161e-02
1.075268817204301161e-02
2.749227632576662847e-03
3.584229390681003581e-03
1.075268817204301161e-02
1.075268817204301161e-02
0.000000000000000000e+00
1.209677419354838850e-02
1.075268817204301161e-02
1.075268817204301161e-02
3.584229390681003581e-03
1.075268817204301161e-02
0.000000000000000000e+00
1.075268817204301161e-02
1.075268817204301161e-02
1.075268817204301161e-02
1.075268817204301161e-02
1.075268817204301161e-02
1.075268817204301161e-02
1.075268817204301161e-02
1.075268817204301161e-02
1.075268817204301161e-02
1.075268817204301161e-02
3.584229390681003581e-03
1.075268817204301161e-02
3.681136650398902053e-03
1.075268817204301161e-02
3.584229390681003581e-03
0.000000000000000000e+00
1.075268817204301161e-02
3.584229390681003581e-03
3.584229390681003581e-03
1.075268817204301161e-02
1.792114695340501704e-02
2.836343441119628956e-03
1.075268817204301161e-02
2.481389578163771710e-03
1.075268817204301161e-02
1.075268817204301161e-02
0.000000000000000000e+00
2.802493577112790367e-03
0.000000000000000000e+00
1.075268817204301161e-02
1.075268817204301161e-02
1.075268817204301161e-02
6.617232373158093853e-04
1.075268817204301161e-02
1.075268817204301161e-02
9.997955041259132605e-04
1.075268817204301161e-02
1.075268817204301161e-02
3.584229390681004015e-03
1.075268817204301161e-02
1.075268817204301161e-02
3.584229390681003581e-03
1.075268817204301161e-02
2.584433886555090321e-03
0.000000000000000000e+00
1.075268817204301161e-02
1.075268817204301161e-02
0.000000000000000000e+00
1.075268817204301161e-02
1.536098310291858678e-03
2.802493577112790367e-03
1.075268817204301161e-02
1.075268817204301161e-02
3.584229390681004015e-03
2.749227632576662847e-03
3.584229390681003581e-03
1.075268817204301161e-02
1.075268817204301161e-02
3.584229390681003147e-03
3.584229390681003581e-03
3.584229390681004015e-03
7.168458781362007162e-03
0.000000000000000000e+00
1.075268817204301161e-02
1.164874551971326402e-02
7.304481974570114318e-04
2.150537634408601715e-03
1.075268817204301161e-02
0.000000000000000000e+00
2.150537634408601715e-03
