1.809954751131221794e-03
9.049773755656108972e-04
5.429864253393664516e-04
9.049773755656108972e-04
1.809954751131221794e-03
0.000000000000000000e+00
3.748379865162391415e-03
4.524886877828054703e-03
3.906185100406626975e-03
9.049773755656109406e-03
4.524886877828054703e-03
0.000000000000000000e+00
4.524886877828054703e-03
9.049773755656111140e-04
6.334841628959276064e-03
1.092656942277762337e-03
4.524886877828054703e-03
4.524886877828054703e-03
2.714932126696832475e-03
3.128390262836247765e-04
4.524886877828054703e-03
2.668513364327006025e-03
9.049773755656108972e-04
2.435029669788226197e-03
1.140682843954887596e-03
4.524886877828055570e-04
9.609440776675002866e-04
4.524886877828054703e-03
4.524886877828054703e-03
4.524886877828054703e-03
4.524886877828054486e-04
1.013513292271882001e-03
4.524886877828054703e-03
6.334841628959276064e-03
9.049773755656108972e-04
9.049773755656110056e-04
0.000000000000000000e+00
0.000000000000000000e+00
9.049773755656111140e-04
4.524886877828054703e-03
3.016591251885370199e-04
4.524886877828054486e-04
1.809954751131221794e-03
8.575842347308629959e-04
9.049773755656108972e-04
0.000000000000000000e+00
9.049773755656108972e-04
1.809954751131221794e-03
1.203234561797545624e-03
4.524886877828054703e-03
1.085972850678732990e-02
1.357466063348416237e-03
1.155937887417989030e-03
3.707946993623949554e-04
4.524886877828054486e-04
4.524886877828054703e-03
7.379206485133064063e-04
4.524886877828054703e-03
9.049773755656108972e-04
4.524886877828054703e-03
9.049773755656108972e-04
4.524886877828054703e-03
4.524886877828054703e-03
4.524886877828054703e-03
4.524886877828054703e-03
8.529241078540151285e-04
2.104127772120007595e-03
1.712874258087947795e-03
1.277835834963643533e-03
0.000000000000000000e+00
5.429864253393664950e-03
0.000000000000000000e+00
7.480466727859773172e-03
9.049773755656108972e-04
3.544070076333559667e-04
2.714932126696832475e-03
4.524886877828054703e-03
9.049773755656108972e-04
9.049773755656107888e-04
4.524886877828054703e-03
6.033182503770740399e-04
4.524886877828054703e-03
1.077251141751090456e-03
9.049773755656108972e-04
2.714932126696832475e-03
9.049773755656108972e-04
4.524886877828054703e-03
1.170781569668914984e-03
3.619909502262443589e-03
5.115356845481556884e-03
1.497488525881282258e-03
0.000000000000000000e+00
1.016910779769389242e-03
8.333207264749695068e-04
4.524886877828054703e-03
0.000000000000000000e+00
1.809954751131221794e-03
0.000000000000000000e+00
9.049773755656108972e-04
1.809954751131221794e-03
8.575842347308629959e-04
0.000000000000000000e+00
4.524886877828054703e-03
9.049773755656108972e-04
4.524886877828054703e-03
1.809954751131221794e-03
4.524886877828054703e-03
5.595140558346900581e-04
9.049773755656108972e-04
5.548843373443063066e-04
4.524886877828054703e-03
3.016591251885370199e-04
4.524886877828054703e-03
6.230062960634656860e-04
6.033182503770740399e-04
4.524886877828054703e-03
1.024289419030502196e-03
0.000000000000000000e+00
9.049773755656108972e-04
9.049773755656108972e-04
2.714932126696832475e-03
0.000000000000000000e+00
9.049773755656107888e-04
0.000000000000000000e+00
4.524886877828054703e-03
4.524886877828054703e-03
4.524886877828054703e-03
0.000000000000000000e+00
2.714932126696832475e-03
4.524886877828054703e-03
1.009083910988802651e-03
4.524886877828054703e-03
4.524886877828054703e-03
4.524886877828054486e-04
9.049773755656108972e-04
6.506191968005325347e-04
1.161466912161688951e-03
4.524886877828054703e-03
4.524886877828054703e-03
4.524886877828054703e-03
1.459861712909917095e-03
1.809954751131221794e-03
1.187491572953698312e-03
3.619909502262443589e-03
1.085972850678732990e-02
4.524886877828054703e-03
2.714932126696832475e-03
1.292824822236586957e-04
9.049773755656108972e-04
9.049773755656108972e-04
0.000000000000000000e+00
3.016591251885370199e-04
4.524886877828054703e-03
1.706293900240451848e-03
0.000000000000000000e+00
6.787330316742081187e-04
1.288495081908042159e-03
1.459861712909917095e-03
6.464124111182934515e-04
4.524886877828055570e-04
4.524886877828054703e-03
1.809954751131221794e-03
2.171945701357465806e-03
9.049773755656108972e-04
0.000000000000000000e+00
0.000000000000000000e+00
1.809954751131221794e-03
4.524886877828054703e-03
1.809954751131221794e-03
4.524886877828054703e-03
0.000000000000000000e+00
4.524886877828054703e-03
1.809954751131221794e-03
1.040683261411313315e-03
7.315888452328471762e-04
9.049773755656108972e-04
2.714932126696832475e-03
1.809954751131221794e-03
4.524886877828054703e-03
1.531150729494545719e-03
4.524886877828054703e-03
8.479383951891018324e-04
1.358089650334896002e-03
4.524886877828054703e-03
3.544070076333559667e-04
3.016591251885370199e-04
2.170081455811799249e-03
8.418681118436357634e-04
4.524886877828054703e-03
4.524886877828054703e-03
9.049773755656108972e-04
1.508295625942685046e-03
9.049773755656108972e-04
9.049773755656107888e-04
4.524886877828054703e-03
7.361463599472028172e-04
4.524886877828054703e-03
1.508295625942685046e-03
4.524886877828054703e-03
2.714932126696832475e-03
0.000000000000000000e+00
2.714932126696832475e-03
4.524886877828054703e-03
3.619909502262443589e-03
3.619909502262443589e-03
4.524886877828054703e-03
4.524886877828054703e-03
0.000000000000000000e+00
0.000000000000000000e+00
6.033182503770740399e-04
4.524886877828054703e-03
0.000000000000000000e+00
4.524886877828054703e-03
9.049773755656108972e-04
6.879525189428674402e-04
3.619909502262443372e-04
4.524886877828054703e-03
0.000000000000000000e+00
3.544070076333559667e-04
0.000000000000000000e+00
7.429391567863880951e-04
1.357466063348416454e-03
1.809954751131221794e-03
5.429864253393664516e-04
0.000000000000000000e+00
1.375905037885735097e-03
4.524886877828054703e-03
4.524886877828054703e-03
4.524886877828054703e-03
0.000000000000000000e+00
4.524886877828054703e-03
4.524886877828054703e-03
2.585649644473173915e-04
4.524886877828054703e-03
6.703115233897594160e-04
1.809954751131221794e-03
1.675126508446121015e-03
3.559704412286457918e-03
6.787330316742081187e-04
4.524886877828054703e-03
4.524886877828054703e-03
1.284815193799264746e-03
9.049773755656110056e-04
1.809954751131221794e-03
6.334841628959276064e-03
4.524886877828054703e-03
4.524886877828054703e-03
9.049773755656108972e-04
0.000000000000000000e+00
9.049773755656108972e-04
6.703115233897594160e-04
0.000000000000000000e+00
9.049773755656108972e-04
4.524886877828054703e-03
2.640389744632125422e-03
4.524886877828054703e-03
0.000000000000000000e+00
6.703115233897594160e-04
9.049773755656108972e-04
4.524886877828054703e-03
1.073707251608651365e-03
1.284815193799264746e-03
1.809954751131221794e-03
9.049773755656108972e-04
5.429864253393664950e-03
2.714932126696832475e-03
9.049773755656108972e-04
4.524886877828054703e-03
0.000000000000000000e+00
0.000000000000000000e+00
4.524886877828054703e-03
0.000000000000000000e+00
5.429864253393664950e-03
0.000000000000000000e+00
0.000000000000000000e+00
9.049773755656107888e-04
4.524886877828054703e-03
0.000000000000000000e+00
2.714932126696832475e-03
9.049773755656111140e-04
9.049773755656108972e-04
0.000000000000000000e+00
9.049773755656108972e-04
3.164511676314153178e-03
4.524886877828054703e-03
3.016591251885370199e-04
1.054315513484768707e-03
2.714932126696832475e-03
2.640276033652630373e-04
0.000000000000000000e+00
1.060998040257892351e-03
3.544070076333559667e-04
0.000000000000000000e+00
8.441015064471241343e-04
9.049773755656108972e-04
1.809954751131221794e-03
8.507094172124753453e-04
7.059680205711374185e-04
2.682666106626549062e-04
1.672523843139490712e-03
4.524886877828054703e-03
4.524886877828054486e-04
4.524886877828054703e-03
9.049773755656108972e-04
4.524886877828054703e-03
0.000000000000000000e+00
9.049773755656108972e-04
0.000000000000000000e+00
9.049773755656108972e-04
4.524886877828054703e-03
7.158722607893459487e-04
4.524886877828054703e-03
9.049773755656108972e-04
4.524886877828054703e-03
6.116262001934439502e-04
7.315888452328471762e-04
4.524886877828054703e-03
1.973794497606620583e-04
9.049773755656108972e-04
1.203234561797545624e-03
4.524886877828054703e-03
1.009083910988802651e-03
4.524886877828054703e-03
2.921548597695190156e-03
9.049773755656108972e-04
4.524886877828054703e-03
3.559704412286457918e-03
4.524886877828054703e-03
4.524886877828054703e-03
1.809954751131221794e-03
9.049773755656109406e-03
6.787330316742081187e-04
9.049773755656108972e-04
9.049773755656108972e-04
0.000000000000000000e+00
4.524886877828054703e-03
9.049773755656108972e-04
0.000000000000000000e+00
7.315888452328471762e-04
3.049053641811777255e-03
4.524886877828054703e-03
9.049773755656109406e-03
9.049773755656108972e-04
9.049773755656108972e-04
9.049773755656108972e-04
9.843452588015476519e-04
4.524886877828054703e-03
4.524886877828054703e-03
4.524886877828054703e-03
4.524886877828054703e-03
0.000000000000000000e+00
4.524886877828054703e-03
0.000000000000000000e+00
4.524886877828054703e-03
4.524886877828054703e-03
0.000000000000000000e+00
6.749528100445886282e-04
0.000000000000000000e+00
9.049773755656108972e-04
0.000000000000000000e+00
9.954751131221718785e-03
2.690393526017151402e-03
6.033182503770740399e-04
0.000000000000000000e+00
6.879525189428674402e-04
4.524886877828054703e-03
9.049773755656108972e-04
1.628959276018099572e-03
0.000000000000000000e+00
4.524886877828054703e-03
3.544070076333559667e-04
3.327841480932033566e-03
0.000000000000000000e+00
2.714932126696832475e-03
2.262443438914027243e-04
9.049773755656108972e-04
3.619909502262443372e-04
6.879525189428675486e-04
2.640276033652630373e-04
9.049773755656108972e-04
1.193850381533158138e-03
9.049773755656108972e-04
4.524886877828054703e-03
4.524886877828054703e-03
8.479383951891018324e-04
1.106890941799305991e-03
2.940792918328220557e-04
2.714932126696832475e-03
8.590039367895664938e-04
2.758966341042436762e-03
9.049773755656108972e-04
4.524886877828054703e-03
1.415195851609897786e-03
9.049773755656108972e-04
8.640174389467613356e-04
9.049773755656108972e-04
4.524886877828054703e-03
9.049773755656108972e-04
1.020436952088573561e-03
8.507094172124753453e-04
4.524886877828054486e-04
9.049773755656108972e-04
9.049773755656111140e-04
4.524886877828054703e-03
4.524886877828054703e-03
4.524886877828054703e-03
0.000000000000000000e+00
4.524886877828054486e-04
4.524886877828054703e-03
9.049773755656108972e-04
9.049773755656108972e-04
1.049413878549384626e-03
4.524886877828054703e-03
4.524886877828054703e-03
9.049773755656108972e-04
6.787330316742081187e-04
8.002065315796205204e-04
4.524886877828054703e-03
0.000000000000000000e+00
6.230062960634656860e-04
4.524886877828054486e-04
4.524886877828054703e-03
4.524886877828054703e-03
0.000000000000000000e+00
6.756872196766610956e-04
4.524886877828054703e-03
4.524886877828054703e-03
4.524886877828054703e-03
3.162427473001509586e-04
6.033182503770740399e-04
4.524886877828054703e-03
4.524886877828054703e-03
9.049773755656108972e-04
0.000000000000000000e+00
4.524886877828054703e-03
2.524370548879003185e-04
1.809954751131221794e-03
5.921383492819861207e-04
1.809954751131221794e-03
9.049773755656108972e-04
9.049773755656108972e-04
4.524886877828054486e-04
0.000000000000000000e+00
0.000000000000000000e+00
5.429864253393664516e-04
4.524886877828054703e-03
0.000000000000000000e+00
4.524886877828054703e-03
0.000000000000000000e+00
3.619909502262443372e-04
0.000000000000000000e+00
0.000000000000000000e+00
0.000000000000000000e+00
4.524886877828054703e-03
0.000000000000000000e+00
5.429864253393664950e-03
6.334841628959276064e-03
9.049773755656108972e-04
4.524886877828054703e-03
0.000000000000000000e+00
3.347283743855135850e-03
4.524886877828054703e-03
0.000000000000000000e+00
1.770314555819101510e-03
0.000000000000000000e+00
9.049773755656108972e-04
4.524886877828054703e-03
4.524886877828054703e-03
1.016910779769389242e-03
1.301275894298745042e-03
0.000000000000000000e+00
8.589118868868524407e-04
4.524886877828054703e-03
6.428617760622018030e-04
8.479383951891018324e-04
9.049773755656108972e-04
4.524886877828054703e-03
4.524886877828054703e-03
1.809954751131221794e-03
2.262443438914027243e-04
4.524886877828054703e-03
3.016591251885370199e-04
6.787330316742081187e-04
4.524886877828054703e-03
2.714932126696832475e-03
2.096692179216766254e-03
2.415995056612199945e-03
4.524886877828054703e-03
0.000000000000000000e+00
0.000000000000000000e+00
1.181314981279376697e-03
1.255705843926543204e-03
4.524886877828054703e-03
4.524886877828054703e-03
4.524886877828054703e-03
1.459861712909917095e-03
9.049773755656108972e-04
0.000000000000000000e+00
2.524370548879003185e-04
1.301275894298745042e-03
7.118851912377060012e-04
6.033182503770740399e-04
4.524886877828054703e-03
1.809954751131221794e-03
9.049773755656108972e-04
1.301275894298745042e-03
4.524886877828054703e-03
4.524886877828054703e-03
9.049773755656108972e-04
0.000000000000000000e+00
4.524886877828054703e-03
9.049773755656108972e-04
9.049773755656108972e-04
2.714932126696832475e-03
2.714932126696832475e-03
4.524886877828054703e-03
9.049773755656108972e-04
0.000000000000000000e+00
4.524886877828054703e-03
6.787330316742081187e-04
1.206636500754148080e-03
1.301275894298745042e-03
4.524886877828054703e-03
9.049773755656108972e-04
1.485878313572775757e-03
1.358089650334896002e-03
9.049773755656108972e-04
5.429864253393664950e-03
0.000000000000000000e+00
4.524886877828054703e-03
4.524886877828054703e-03
4.524886877828054703e-03
4.524886877828054703e-03
2.960691746409930603e-04
4.524886877828054703e-03
2.714932126696832475e-03
4.524886877828054703e-03
0.000000000000000000e+00
2.117879913590216528e-03
9.049773755656108972e-04
8.640174389467613356e-04
9.049773755656108972e-04
2.282512546980552698e-04
4.524886877828054703e-03
0.000000000000000000e+00
5.429864253393664516e-04
3.164511676314153178e-03
9.049773755656108972e-04
0.000000000000000000e+00
7.429391567863880951e-04
9.049773755656108972e-04
9.049773755656111140e-04
7.239819004524886744e-04
4.524886877828054703e-03
0.000000000000000000e+00
1.301275894298745042e-03
1.739613748059249841e-03
1.162769955815083460e-03
1.809954751131221794e-03
9.049773755656108972e-04
4.524886877828054703e-03
4.524886877828054486e-04
1.152556300206048281e-03
0.000000000000000000e+00
1.128355374087692837e-03
4.524886877828054703e-03
7.930439713618328773e-04
4.524886877828054703e-03
1.689727151923557961e-03
0.000000000000000000e+00
4.524886877828054703e-03
8.002065315796205204e-04
7.429391567863880951e-04
5.429864253393664516e-04
4.001032657898102602e-04
4.524886877828054703e-03
4.524886877828054703e-03
4.524886877828054703e-03
7.158722607893459487e-04
4.524886877828054703e-03
1.809954751131221794e-03
1.103715494999178487e-04
9.049773755656110056e-04
9.049773755656108972e-04
9.049773755656108972e-04
1.327968468020057939e-03
4.524886877828054703e-03
2.762422642983136840e-03
3.016591251885370199e-04
9.049773755656108972e-04
3.619909502262443372e-04
6.334841628959276064e-03
1.117081503827073181e-03
3.619909502262443589e-03
0.000000000000000000e+00
9.049773755656108972e-04
9.049773755656108972e-04
9.049773755656108972e-04
4.524886877828054703e-03
4.524886877828054486e-04
4.524886877828054703e-03
4.524886877828054703e-03
8.590039367895664938e-04
4.524886877828054703e-03
0.000000000000000000e+00
4.524886877828054486e-04
6.033182503770740399e-04
9.049773755656108972e-04
7.995631264655607764e-04
2.906730949539912141e-03
2.262443438914027243e-04
0.000000000000000000e+00
0.000000000000000000e+00
9.049773755656111140e-04
4.524886877828054703e-03
1.809954751131221794e-03
0.000000000000000000e+00
7.239819004524886744e-04
7.765651253412514865e-04
2.714932126696832475e-03
9.049773755656108972e-04
1.809954751131221794e-03
4.524886877828054703e-03
1.809954751131221794e-03
2.093920481083793445e-04
4.524886877828054703e-03
4.524886877828054703e-03
4.524886877828054703e-03
6.334841628959276064e-03
4.524886877828054703e-03
4.001032657898102602e-04
2.333873689448323716e-03
1.052643586467520839e-03
0.000000000000000000e+00
4.524886877828054703e-03
9.049773755656109406e-03
4.524886877828054703e-03
7.562538007763893420e-04
9.049773755656108972e-04
3.619909502262443589e-03
2.865494504405477569e-03
2.262443438914027243e-04
9.049773755656110056e-04
0.000000000000000000e+00
2.762053425529208649e-03
2.435029669788226197e-03
1.432289267099323997e-03
0.000000000000000000e+00
9.049773755656108972e-04
9.049773755656108972e-04
3.908404677776318339e-04
9.049773755656108972e-04
4.524886877828054703e-03
2.262443438914027243e-04
0.000000000000000000e+00
1.089938821347046297e-03
2.641805136349438033e-04
4.524886877828054703e-03
7.158722607893459487e-04
4.524886877828054703e-03
6.334841628959276064e-03
3.906185100406626975e-03
4.524886877828054703e-03
1.466755876860835277e-04
4.524886877828054486e-04
4.524886877828054703e-03
4.524886877828054703e-03
8.751322690079109271e-04
3.233217680913184813e-03
4.524886877828054703e-03
4.524886877828054703e-03
4.524886877828054703e-03
8.180179358317588587e-04
9.049773755656107888e-04
1.143793636945172323e-03
1.079067825347316493e-03
3.016591251885370199e-04
9.049773755656108972e-04
4.524886877828054703e-03
4.524886877828054703e-03
4.524886877828054703e-03
2.714932126696832475e-03
4.524886877828054703e-03
2.762053425529208649e-03
0.000000000000000000e+00
2.908504049229758848e-03
3.400938003784752185e-04
1.206636500754148080e-03
4.524886877828054703e-03
9.049773755656108972e-04
4.524886877828054486e-04
4.524886877828054703e-03
7.239819004524886744e-04
1.809954751131221794e-03
6.033182503770740399e-04
5.470412451709378687e-04
0.000000000000000000e+00
8.751322690079109271e-04
1.809954751131221794e-03
9.049773755656108972e-04
0.000000000000000000e+00
0.000000000000000000e+00
9.049773755656108972e-04
8.590039367895664938e-04
4.524886877828054703e-03
4.524886877828054486e-04
0.000000000000000000e+00
4.524886877828054703e-03
4.524886877828054703e-03
1.809954751131221794e-03
8.644952088807554211e-04
1.836191255843887347e-03
9.049773755656108972e-04
0.000000000000000000e+00
1.198328550937778061e-03
3.544070076333559667e-04
4.001032657898102602e-04
0.000000000000000000e+00
4.524886877828054486e-04
4.524886877828054703e-03
4.524886877828054703e-03
6.324854946003019172e-04
8.441015064471241343e-04
4.524886877828054486e-04
4.524886877828054703e-03
4.524886877828054703e-03
0.000000000000000000e+00
4.524886877828054703e-03
4.524886877828054703e-03
9.049773755656108972e-04
4.524886877828054703e-03
3.619909502262443372e-04
4.524886877828054703e-03
4.524886877828054486e-04
4.524886877828054703e-03
4.524886877828054703e-03
4.524886877828054703e-03
4.524886877828054703e-03
2.473315583035099710e-04
1.001082784188064888e-03
0.000000000000000000e+00
7.158722607893459487e-04
3.335550657253954446e-03
4.524886877828054703e-03
9.049773755656108972e-04
2.906730949539912141e-03
4.524886877828054703e-03
0.000000000000000000e+00
9.049773755656108972e-04
9.049773755656108972e-04
9.049773755656108972e-04
8.590039367895664938e-04
0.000000000000000000e+00
4.524886877828054703e-03
4.524886877828054703e-03
3.619909502262443589e-03
4.524886877828054703e-03
3.906185100406626975e-03
3.619909502262443589e-03
4.524886877828054703e-03
1.341255413256312165e-03
8.441015064471241343e-04
9.907770941332077162e-04
1.197126488330203060e-03
4.524886877828054703e-03
4.524886877828054703e-03
6.334841628959276064e-03
3.619909502262443372e-04
7.787588481216607380e-04
4.524886877828054703e-03
4.524886877828054703e-03
3.619909502262443372e-04
4.524886877828054703e-03
1.115805873765711356e-03
4.524886877828054703e-03
9.049773755656108972e-04
9.049773755656107888e-04
0.000000000000000000e+00
1.076470979696513746e-04
4.524886877828054703e-03
4.524886877828054703e-03
6.787330316742081187e-04
9.049773755656108972e-04
5.429864253393664516e-04
1.877363934263315314e-03
1.809954751131221794e-03
1.689727151923557961e-03
0.000000000000000000e+00
9.049773755656108972e-04
0.000000000000000000e+00
2.571558161981819714e-03
0.000000000000000000e+00
2.798255287224862310e-03
4.524886877828054703e-03
0.000000000000000000e+00
9.049773755656108972e-04
9.049773755656108972e-04
4.524886877828054703e-03
9.049773755656108972e-04
2.690393526017151402e-03
1.376388312344164295e-03
0.000000000000000000e+00
9.049773755656108972e-04
1.809954751131221794e-03
0.000000000000000000e+00
3.016591251885370199e-04
1.653721638506252135e-03
1.382472190137758660e-03
2.585649644473173915e-04
2.762053425529208649e-03
4.524886877828054703e-03
4.524886877828054486e-04
9.049773755656108972e-04
8.666549335507110329e-04
4.524886877828054703e-03
1.905544146843935350e-03
4.524886877828054703e-03
4.524886877828054703e-03
4.524886877828054703e-03
4.524886877828054703e-03
4.524886877828054703e-03
9.049773755656108972e-04
0.000000000000000000e+00
2.520220995377302382e-03
1.060998040257892351e-03
9.049773755656108972e-04
0.000000000000000000e+00
6.464124111182934515e-04
8.441015064471241343e-04
4.524886877828054703e-03
4.524886877828054486e-04
0.000000000000000000e+00
1.836191255843887347e-03
5.862607016664477238e-04
4.524886877828054703e-03
4.524886877828054703e-03
4.524886877828054703e-03
9.049773755656108972e-04
4.524886877828054703e-03
1.016910779769389242e-03
0.000000000000000000e+00
9.049773755656108972e-04
0.000000000000000000e+00
4.524886877828054703e-03
0.000000000000000000e+00
4.524886877828054703e-03
0.000000000000000000e+00
9.049773755656108972e-04
9.049773755656108972e-04
0.000000000000000000e+00
9.049773755656108972e-04
0.000000000000000000e+00
4.524886877828054703e-03
7.541478129713425228e-04
4.524886877828054703e-03
4.524886877828054703e-03
0.000000000000000000e+00
1.497325118641132814e-03
4.524886877828054703e-03
9.049773755656108972e-04
9.049773755656108972e-04
6.787330316742081187e-04
8.773291912707522093e-04
0.000000000000000000e+00
0.000000000000000000e+00
9.049773755656108972e-04
4.524886877828054703e-03
9.954751131221718785e-03
1.663949547229704330e-03
9.049773755656108972e-04
1.809954751131221794e-03
2.714932126696832475e-03
4.524886877828054703e-03
5.548843373443063066e-04
0.000000000000000000e+00
2.690393526017151402e-03
4.524886877828054703e-03
0.000000000000000000e+00
6.033182503770740399e-04
3.544070076333559667e-04
9.049773755656108972e-04
9.049773755656108972e-04
4.524886877828054703e-03
4.524886877828054703e-03
1.750465191106522953e-04
0.000000000000000000e+00
6.870013607990639939e-03
1.162769955815083460e-03
4.524886877828054703e-03
6.301155595821480819e-04
1.425360646777191782e-03
2.415995056612199945e-03
8.507094172124753453e-04
1.809954751131221794e-03
9.049773755656108972e-04
6.506191968005325347e-04
4.524886877828054703e-03
4.524886877828054703e-03
4.524886877828054703e-03
0.000000000000000000e+00
4.524886877828054703e-03
4.524886877828054703e-03
9.049773755656108972e-04
0.000000000000000000e+00
4.524886877828054703e-03
6.879525189428674402e-04
3.500930382213045906e-04
4.524886877828054703e-03
0.000000000000000000e+00
1.277835834963643533e-03
9.049773755656108972e-04
4.524886877828054703e-03
1.573513004683772809e-03
4.524886877828054703e-03
0.000000000000000000e+00
4.524886877828054703e-03
4.524886877828054703e-03
4.524886877828054703e-03
9.049773755656110056e-04
9.049773755656108972e-04
9.049773755656108972e-04
4.524886877828054703e-03
7.105074871973705332e-04
5.862607016664477238e-04
4.524886877828054703e-03
0.000000000000000000e+00
4.524886877828054703e-03
2.170081455811799249e-03
1.809954751131221686e-04
1.809954751131221794e-03
5.614001055862824323e-04
4.524886877828054486e-04
1.073707251608651365e-03
0.000000000000000000e+00
0.000000000000000000e+00
4.001032657898102602e-04
4.524886877828054703e-03
9.624544388155325874e-04
9.049773755656108972e-04
3.619909502262443589e-03
9.049773755656108972e-04
9.049773755656108972e-04
4.524886877828054703e-03
1.016910779769389242e-03
4.001032657898102602e-04
0.000000000000000000e+00
6.879525189428675486e-04
0.000000000000000000e+00
4.524886877828054703e-03
9.049773755656108972e-04
4.524886877828054703e-03
4.524886877828054703e-03
1.628959276018099572e-03
6.334841628959276064e-03
2.714932126696832475e-03
5.429864253393664950e-03
0.000000000000000000e+00
4.524886877828054703e-03
9.049773755656108972e-04
1.282642859597508478e-03
3.544070076333559667e-04
4.524886877828054703e-03
4.524886877828054703e-03
9.049773755656108972e-04
7.239819004524886744e-04
0.000000000000000000e+00
1.382472190137758660e-03
4.524886877828054703e-03
2.714932126696832475e-03
0.000000000000000000e+00
4.524886877828054703e-03
8.666549335507110329e-04
0.000000000000000000e+00
3.016591251885370199e-04
1.809954751131221794e-03
9.049773755656108972e-04
4.524886877828054703e-03
0.000000000000000000e+00
0.000000000000000000e+00
9.049773755656108972e-04
0.000000000000000000e+00
1.425360646777191782e-03
9.049773755656108972e-04
7.239819004524886744e-04
0.000000000000000000e+00
7.239819004524886744e-04
4.524886877828054703e-03
4.524886877828054703e-03
3.878474466709761143e-04
9.049773755656108972e-04
4.524886877828054703e-03
4.524886877828054703e-03
4.524886877828054703e-03
1.162769955815083460e-03
2.333467532903071590e-03
6.033182503770740399e-04
1.152173841807207534e-03
8.589118868868524407e-04
1.603473485389664613e-04
6.787330316742081187e-04
6.033182503770740399e-04
9.049773755656108972e-04
9.049773755656108972e-04
4.524886877828054486e-04
4.524886877828054703e-03
4.524886877828054703e-03
4.524886877828054703e-03
0.000000000000000000e+00
4.524886877828054703e-03
0.000000000000000000e+00
9.049773755656110056e-04
1.497488525881282258e-03
4.524886877828054703e-03
4.524886877828054703e-03
0.000000000000000000e+00
0.000000000000000000e+00
1.357466063348416237e-03
4.524886877828054703e-03
9.049773755656108972e-04
4.524886877828054703e-03
9.049773755656107888e-04
4.524886877828054703e-03
0.000000000000000000e+00
2.714932126696832475e-03
4.524886877828054703e-03
9.049773755656108972e-04
4.524886877828054486e-04
9.049773755656108972e-04
9.049773755656106804e-04
4.524886877828054703e-03
9.049773755656110056e-04
1.193293601432972219e-03
9.954751131221718785e-03
7.158722607893459487e-04
9.049773755656110056e-04
2.714932126696832475e-03
4.524886877828054703e-03
2.714932126696832475e-03
0.000000000000000000e+00
1.471475601613457269e-03
4.524886877828054703e-03
6.868723627838961782e-04
4.524886877828054703e-03
9.049773755656108972e-04
9.049773755656108972e-04
0.000000000000000000e+00
4.001032657898102602e-04
0.000000000000000000e+00
1.382472190137758660e-03
6.324854946003019172e-04
2.714932126696832475e-03
4.524886877828054486e-04
4.524886877828054703e-03
8.644952088807554211e-04
4.524886877828054703e-03
1.836191255843887347e-03
1.052643586467520839e-03
6.230062960634656860e-04
3.016591251885370199e-04
4.524886877828054703e-03
0.000000000000000000e+00
9.049773755656108972e-04
1.106890941799305991e-03
9.049773755656108972e-04
4.524886877828054703e-03
1.296975677939065687e-03
0.000000000000000000e+00
9.049773755656108972e-04
1.128355374087692837e-03
9.049773755656108972e-04
1.694650725561406982e-03
0.000000000000000000e+00
4.524886877828054703e-03
9.049773755656108972e-04
6.324854946003019172e-04
4.524886877828054703e-03
6.334841628959276064e-03
3.619909502262443589e-03
1.013513292271882001e-03
9.049773755656108972e-04
0.000000000000000000e+00
4.524886877828054703e-03
2.385089503299730952e-04
4.524886877828054703e-03
3.906185100406626975e-03
9.049773755656108972e-04
1.497488525881282258e-03
4.524886877828054703e-03
1.301275894298745042e-03
9.049773755656108972e-04
0.000000000000000000e+00
2.714932126696832475e-03
9.049773755656108972e-04
4.524886877828054703e-03
9.049773755656108972e-04
4.524886877828054703e-03
8.751322690079109271e-04
3.878474466709761143e-04
0.000000000000000000e+00
1.016910779769389242e-03
4.524886877828054703e-03
7.429391567863880951e-04
4.524886877828054703e-03
4.524886877828054703e-03
4.524886877828054703e-03
4.524886877828054703e-03
0.000000000000000000e+00
7.059680205711374185e-04
4.524886877828054486e-04
3.544070076333559667e-04
9.049773755656108972e-04
6.428617760622018030e-04
4.524886877828054703e-03
2.521813148221814082e-03
4.524886877828054703e-03
1.077177525526567268e-03
4.524886877828054703e-03
4.524886877828054703e-03
0.000000000000000000e+00
6.787330316742081187e-04
0.000000000000000000e+00
4.524886877828054703e-03
2.435029669788226197e-03
9.049773755656108972e-04
8.575842347308629959e-04
6.787330316742081187e-04
2.714932126696832475e-03
4.524886877828054703e-03
1.301275894298745042e-03
9.049773755656108972e-04
1.459861712909917095e-03
0.000000000000000000e+00
9.049773755656108972e-04
7.562538007763893420e-04
9.049773755656108972e-04
4.524886877828054703e-03
9.049773755656108972e-04
2.415995056612199945e-03
4.524886877828054703e-03
9.187445478454956240e-04
0.000000000000000000e+00
4.524886877828054703e-03
2.435029669788226197e-03
1.301275894298745042e-03
0.000000000000000000e+00
8.507094172124753453e-04
4.524886877828054703e-03
9.049773755656108972e-04
4.524886877828054703e-03
4.524886877828054703e-03
4.524886877828054703e-03
4.524886877828054703e-03
4.524886877828054703e-03
4.524886877828054703e-03
9.049773755656108972e-04
6.033182503770740399e-04
9.954751131221718785e-03
2.699161446045699343e-03
4.524886877828054703e-03
4.524886877828054703e-03
4.524886877828054703e-03
9.049773755656108972e-04
8.590039367895664938e-04
9.049773755656107888e-04
5.548843373443063066e-04
0.000000000000000000e+00
6.033182503770740399e-04
4.524886877828054703e-03
4.524886877828054703e-03
0.000000000000000000e+00
0.000000000000000000e+00
8.002065315796205204e-04
9.049773755656108972e-04
9.049773755656108972e-04
8.554584034120937906e-04
3.722947777973094254e-03
9.049773755656108972e-04
2.333467532903071590e-03
9.049773755656107888e-04
4.524886877828054703e-03
9.049773755656111140e-04
4.524886877828054703e-03
1.877363934263315314e-03
4.524886877828054486e-04
4.524886877828054703e-03
1.382472190137758660e-03
4.524886877828054486e-04
1.809954751131221794e-03
0.000000000000000000e+00
4.524886877828054703e-03
6.756872196766610956e-04
3.220121589467629707e-04
4.524886877828054703e-03
1.750465191106522953e-04
3.016591251885370199e-04
1.162769955815083460e-03
1.016910779769389242e-03
8.640174389467613356e-04
9.049773755656108972e-04
1.809954751131221794e-03
0.000000000000000000e+00
4.524886877828054703e-03
1.497488525881282258e-03
1.809954751131221794e-03
4.524886877828054703e-03
3.619909502262443589e-03
1.292824822236586957e-04
1.357466063348416237e-03
0.000000000000000000e+00
0.000000000000000000e+00
4.524886877828054703e-03
4.524886877828054703e-03
1.332706577271657901e-03
4.524886877828054703e-03
3.906185100406626975e-03
0.000000000000000000e+00
9.954751131221718785e-03
4.524886877828054486e-04
4.524886877828054703e-03
0.000000000000000000e+00
0.000000000000000000e+00
7.361463599472029256e-04
6.787330316742081187e-04
4.524886877828054703e-03
4.524886877828054703e-03
0.000000000000000000e+00
9.049773755656108972e-04
4.524886877828054703e-03
1.485878313572775757e-03
0.000000000000000000e+00
4.524886877828054703e-03
9.049773755656107888e-04
1.465678978636416035e-03
4.524886877828054703e-03
6.033182503770740399e-04
1.162769955815083460e-03
4.524886877828054703e-03
9.049773755656108972e-04
4.524886877828054703e-03
0.000000000000000000e+00
1.009083910988802651e-03
9.049773755656108972e-04
2.762053425529208649e-03
4.524886877828054486e-04
5.429864253393664950e-03
9.049773755656108972e-04
4.524886877828054703e-03
4.524886877828054486e-04
1.809954751131221794e-03
9.049773755656108972e-04
4.524886877828054703e-03
