3.371544167228590649e-04
3.371544167228590649e-04
1.685772083614295595e-04
3.371544167228590649e-04
3.371544167228590649e-04
3.371544167228590649e-04
1.078894133513149008e-02
0.000000000000000000e+00
3.371544167228590649e-04
3.161881015668306454e-04
3.396090582368719159e-04
3.371544167228590649e-04
1.685772083614295324e-04
3.557867633865293084e-04
3.371544167228590649e-04
0.000000000000000000e+00
3.371544167228590649e-04
3.371544167228590649e-04
8.890074715354318296e-05
3.371544167228590649e-04
6.675435660281147212e-04
4.537043573983160524e-04
3.371544167228590649e-04
3.371544167228590649e-04
1.685772083614295053e-04
0.000000000000000000e+00
3.371544167228590649e-04
3.371544167228590649e-04
3.371544167228590649e-04
3.371544167228590649e-04
3.371544167228590649e-04
3.371544167228590649e-04
3.371544167228590649e-04
3.371544167228590649e-04
1.685772083614295270e-03
3.120993288920269294e-04
3.371544167228590649e-04
9.939089505298936717e-04
1.778014943070863659e-04
7.754551584625758547e-03
3.371544167228590649e-04
3.371544167228590649e-04
1.685772083614295270e-03
3.371544167228590649e-04
0.000000000000000000e+00
1.382333108563722247e-02
3.371544167228590649e-04
6.743088334457181298e-04
1.685772083614295324e-04
2.695706932608146495e-04
3.371544167228590649e-04
3.371544167228590649e-04
3.371544167228590649e-04
3.371544167228590649e-04
3.371544167228590649e-04
2.697235333782872085e-04
3.371544167228590649e-04
3.371544167228590649e-04
3.371544167228590649e-04
3.371544167228590649e-04
2.906608069504348435e-04
2.022926500337154064e-04
3.371544167228590649e-04
3.832812045674446541e-04
2.889895000481648973e-04
0.000000000000000000e+00
3.371544167228590649e-04
1.685772083614295324e-04
3.371544167228590649e-04
3.371544167228590649e-04
3.371544167228590649e-04
2.378815871644525382e-04
2.883353873891959947e-04
3.994618506525250256e-04
3.371544167228590649e-04
3.371544167228590649e-04
8.889337593161799819e-04
2.849091476440586738e-04
3.371544167228591191e-04
3.371544167228590649e-04
3.371544167228590649e-04
1.123848055742863685e-04
3.371544167228590649e-04
3.371544167228590649e-04
3.371544167228590649e-04
3.371544167228590649e-04
2.022926500337154064e-04
0.000000000000000000e+00
1.348617666891436260e-03
1.011463250168577249e-03
3.371544167228590649e-04
4.116847789443257052e-04
3.371544167228590649e-04
3.371544167228590649e-04
8.428860418071476622e-05
3.371544167228590649e-04
1.348617666891436260e-03
6.743088334457181298e-04
1.348617666891436260e-03
3.371544167228590649e-04
3.371544167228590649e-04
2.247696111485727370e-04
3.371544167228590649e-04
2.996928148647636132e-04
2.938180949365765018e-04
2.247696111485727370e-04
1.123848055742863685e-04
4.432462983946101323e-04
3.371544167228590649e-04
2.697235333782872085e-04
1.880936922799257029e-04
3.371544167228590649e-04
1.685772083614295324e-04
3.371544167228590649e-04
3.371544167228590649e-04
1.112609575185434865e-02
9.404684613996285145e-05
2.022926500337154064e-04
2.022926500337154064e-04
1.921780175320296838e-02
3.371544167228590649e-04
3.371544167228590649e-04
3.371544167228590649e-04
0.000000000000000000e+00
3.371544167228590649e-04
2.356360322094853553e-04
0.000000000000000000e+00
0.000000000000000000e+00
3.371544167228590649e-04
3.371544167228590649e-04
3.371544167228590649e-04
3.371544167228590649e-04
3.371544167228590649e-04
1.304291325807624977e-04
3.371544167228590649e-04
3.371544167228590649e-04
3.371544167228590649e-04
2.360080917060013508e-03
5.066555650464038248e-04
3.371544167228590649e-04
3.371544167228590649e-04
3.371544167228590649e-04
0.000000000000000000e+00
3.371544167228590649e-04
2.996928148647636132e-04
3.371544167228590649e-04
3.371544167228590649e-04
1.685772083614295324e-04
3.371544167228590649e-04
3.371544167228590649e-04
3.371544167228590649e-04
1.123848055742863685e-04
3.371544167228590649e-04
3.371544167228590649e-04
2.022926500337154498e-03
3.371544167228590649e-04
4.578909182407561317e-04
3.371544167228590649e-04
0.000000000000000000e+00
3.371544167228590649e-04
4.495392222971454741e-04
1.685772083614295595e-04
3.371544167228590649e-04
1.685772083614295324e-04
3.371544167228590649e-04
2.996928148647636132e-04
3.371544167228590649e-04
4.594878329739480235e-04
1.685772083614295324e-04
1.014935926041743761e-04
3.371544167228590649e-04
1.685772083614295324e-04
1.778014943070863659e-04
3.371544167228590649e-04
3.371544167228590649e-04
1.873080092904772583e-04
3.514892670817975641e-04
3.371544167228590649e-04
3.371544167228590649e-04
3.371544167228590649e-04
3.557867633865293084e-04
2.697235333782872627e-04
3.371544167228590649e-04
0.000000000000000000e+00
3.371544167228590649e-04
3.371544167228590649e-04
3.371544167228590649e-04
2.376981031290882227e-04
0.000000000000000000e+00
1.348617666891436043e-04
0.000000000000000000e+00
0.000000000000000000e+00
4.134505682841931886e-04
3.371544167228590649e-04
3.120993288920269294e-04
2.022926500337154064e-04
0.000000000000000000e+00
2.376981031290882227e-04
1.348617666891436260e-03
1.685772083614295324e-04
3.371544167228590649e-04
2.360080917060013508e-03
0.000000000000000000e+00
0.000000000000000000e+00
0.000000000000000000e+00
3.103641567833845456e-04
3.514892670817975641e-04
3.371544167228590649e-04
1.024013171482557072e-04
3.371544167228591191e-04
3.371544167228590649e-04
5.731625084288604483e-03
4.045853000674308995e-03
3.371544167228591191e-04
3.371544167228590649e-04
2.415977957051024185e-04
3.120993288920269294e-04
5.438797008649556321e-04
3.371544167228590649e-04
1.416048550236008062e-03
1.011463250168577249e-03
1.470696506982680787e-04
3.371544167228590649e-04
2.373290927289732806e-04
0.000000000000000000e+00
0.000000000000000000e+00
3.371544167228590649e-04
3.371544167228590649e-04
3.371544167228590649e-04
3.371544167228590649e-04
1.123848055742863685e-04
3.120993288920269294e-04
3.371544167228590649e-04
3.371544167228590649e-04
1.011463250168577249e-03
1.685772083614295324e-04
2.247696111485727370e-04
3.371544167228590649e-04
3.371544167228590649e-04
3.371544167228590649e-04
1.685772083614295324e-04
2.334665730707152754e-04
3.371544167228590649e-04
1.024013171482557072e-04
1.685772083614295324e-04
1.470696506982680787e-04
3.371544167228590649e-04
3.371544167228590649e-04
3.371544167228590649e-04
1.290223595732673326e-04
2.809620139357159145e-04
3.371544167228590107e-04
3.371544167228590649e-04
3.371544167228590649e-04
2.482536695693158819e-04
3.371544167228590649e-04
2.697235333782872627e-04
3.371544167228590649e-04
5.438797008649556321e-04
3.371544167228590649e-04
6.743088334457181298e-04
3.371544167228590649e-04
2.697235333782872085e-04
3.371544167228590649e-04
3.371544167228590649e-04
2.809620139357159145e-04
5.934550011570695598e-04
3.371544167228590649e-04
0.000000000000000000e+00
0.000000000000000000e+00
2.697235333782872519e-03
3.557867633865293084e-04
3.371544167228590649e-04
2.452032121620793446e-04
1.685772083614295324e-04
4.481591992102736599e-04
0.000000000000000000e+00
0.000000000000000000e+00
0.000000000000000000e+00
0.000000000000000000e+00
3.053022097169401827e-04
3.832812045674446541e-04
3.371544167228590649e-04
3.371544167228590649e-04
3.371544167228590649e-04
2.415977957051024185e-04
3.371544167228590649e-04
4.045853000674308995e-03
3.371544167228590649e-04
6.457545867225133584e-04
3.832812045674446541e-04
3.557867633865293084e-04
3.514892670817975641e-04
3.371544167228590107e-04
3.541784416796173282e-04
3.371544167228590649e-04
3.371544167228590649e-04
3.371544167228590649e-04
3.371544167228591191e-04
3.371544167228590649e-04
2.889895000481648973e-04
2.996928148647636132e-04
2.697235333782872627e-04
2.996928148647636132e-04
2.772175152120918062e-04
6.743088334457181298e-04
3.371544167228590649e-04
2.415977957051024185e-04
1.685772083614295595e-04
3.371544167228590649e-04
3.371544167228590649e-04
2.415977957051024185e-04
3.371544167228590649e-04
2.431075705828961999e-04
2.901309936528776324e-04
0.000000000000000000e+00
2.889895000481648973e-04
2.697235333782872519e-03
3.671048820009510487e-04
2.697235333782872519e-03
3.371544167228590649e-04
0.000000000000000000e+00
3.371544167228590649e-04
1.685772083614295324e-04
2.889895000481648973e-04
2.800762617670999460e-04
2.247696111485727370e-04
2.950101146325016886e-04
1.685772083614295324e-04
3.080516538350316848e-04
0.000000000000000000e+00
4.328358304099239962e-04
3.371544167228590649e-04
3.685790585642325745e-04
3.371544167228590649e-04
1.024013171482557072e-04
3.371544167228591191e-04
3.053022097169401827e-04
3.371544167228590649e-04
3.371544167228590649e-04
3.034389750505731530e-03
3.724675796509754628e-04
3.371544167228590649e-04
2.697235333782872627e-04
3.371544167228590649e-04
0.000000000000000000e+00
0.000000000000000000e+00
3.371544167228590649e-04
8.569694703328714592e-05
3.371544167228590649e-04
3.371544167228590649e-04
3.371544167228590649e-04
0.000000000000000000e+00
3.371544167228590107e-04
3.371544167228590649e-04
3.371544167228590649e-04
0.000000000000000000e+00
0.000000000000000000e+00
1.685772083614295324e-04
1.348617666891436260e-03
0.000000000000000000e+00
0.000000000000000000e+00
2.247696111485727370e-04
3.371544167228590649e-04
3.371544167228590649e-04
3.371544167228591191e-04
0.000000000000000000e+00
3.371544167228590649e-04
1.685772083614295595e-04
6.743088334457181298e-04
3.371544167228590649e-04
2.742554712547738065e-04
4.169369447237490666e-04
2.356360322094853553e-04
3.371544167228590649e-04
3.371544167228590649e-04
3.371544167228590649e-04
3.371544167228590649e-04
3.371544167228590649e-04
3.371544167228590649e-04
2.356360322094853553e-04
3.371544167228590649e-04
2.517310781330783960e-04
4.537043573983160524e-04
3.371544167228590649e-04
3.371544167228590649e-04
0.000000000000000000e+00
2.772175152120918062e-04
0.000000000000000000e+00
9.404684613996285145e-05
3.371544167228591191e-04
3.371544167228590649e-04
0.000000000000000000e+00
3.371544167228590649e-04
9.207446589670560851e-04
2.247696111485727370e-04
0.000000000000000000e+00
3.371544167228590649e-04
1.050896850040604016e-04
4.862151411657923998e-04
3.371544167228590649e-04
3.371544167228590649e-04
3.371544167228590649e-04
2.950101146325016886e-04
3.371544167228590649e-04
7.866936390200046474e-04
4.169369447237490666e-04
3.371544167228590649e-04
3.371544167228590649e-04
2.950101146325016886e-04
2.950101146325016886e-04
5.438797008649556321e-04
0.000000000000000000e+00
3.371544167228590649e-04
3.514892670817975641e-04
4.008588307346968834e-04
2.022926500337154064e-04
3.371544167228590649e-04
3.371544167228590649e-04
3.371544167228590649e-04
5.409486503418793873e-04
1.011463250168577249e-03
0.000000000000000000e+00
3.371544167228590649e-04
3.371544167228590649e-04
3.371544167228590649e-04
3.371544167228590649e-04
1.685772083614295324e-04
3.371544167228590649e-04
3.371544167228590649e-04
6.979937557314408025e-04
4.537043573983160524e-04
5.438797008649556321e-04
2.135029062785674539e-04
4.134505682841931886e-04
1.685772083614295270e-03
1.900847660245910133e-04
3.371544167228590649e-04
0.000000000000000000e+00
1.123848055742863685e-04
6.743088334457181298e-04
3.371544167228590649e-04
1.685772083614295324e-04
3.371544167228590649e-04
3.371544167228590649e-04
3.371544167228590649e-04
6.743088334457181298e-04
3.371544167228590649e-04
3.371544167228590649e-04
3.152243496212531887e-04
2.247696111485727370e-04
3.371544167228590649e-04
3.371544167228590649e-04
3.371544167228590649e-04
3.371544167228590649e-04
3.580300958740262329e-04
2.697235333782872085e-04
9.404684613996285145e-05
2.247696111485727370e-04
2.247696111485727370e-04
3.371544167228590649e-04
3.371544167228590649e-04
0.000000000000000000e+00
1.685772083614295324e-04
3.371544167228590649e-04
3.371544167228590649e-04
3.371544167228590649e-04
4.328358304099239962e-04
2.247696111485727370e-04
5.149559110299453766e-04
1.685772083614295324e-04
3.371544167228590649e-04
3.371544167228590649e-04
1.348617666891436260e-03
1.685772083614295324e-04
1.685772083614295324e-04
1.685772083614295324e-04
3.685790585642325745e-04
3.371544167228590649e-04
3.514892670817975641e-04
2.597857223645020979e-04
4.045853000674308995e-03
3.371544167228590649e-04
3.371544167228590649e-04
3.371544167228590649e-04
2.861738150893923288e-04
1.900847660245910133e-04
1.123848055742863685e-04
9.404684613996285145e-05
1.348617666891436260e-03
2.482536695693158819e-04
3.371544167228590649e-04
3.371544167228590649e-04
9.404684613996285145e-05
1.024013171482557072e-04
3.371544167228590649e-04
1.685772083614295324e-04
2.861738150893923288e-04
3.514892670817975641e-04
3.371544167228590649e-04
3.371544167228590649e-04
3.371544167228590649e-04
3.371544167228590649e-04
2.961820208779650785e-04
3.371544167228590649e-04
2.380547040091978025e-04
2.247696111485727370e-04
3.371544167228590649e-04
0.000000000000000000e+00
3.371544167228590649e-04
4.134505682841931886e-04
3.120993288920269294e-04
1.685772083614295324e-04
3.371544167228590649e-04
3.371544167228590649e-04
2.889895000481648973e-04
3.371544167228591191e-04
2.143338705286967124e-03
6.743088334457181298e-04
3.371544167228590649e-04
3.371544167228590649e-04
3.034389750505731530e-03
3.371544167228590649e-04
0.000000000000000000e+00
2.996928148647636132e-04
0.000000000000000000e+00
0.000000000000000000e+00
3.371544167228590649e-04
3.371544167228591191e-04
3.371544167228590649e-04
8.919866351075132326e-04
1.123848055742863685e-04
4.183055405750790040e-04
3.371544167228590107e-04
3.541784416796173282e-04
3.371544167228590649e-04
2.408245833734707297e-04
2.921516100223333625e-04
2.334665730707152754e-04
8.428860418071476622e-05
3.371544167228590649e-04
3.371544167228590649e-04
3.371544167228590649e-04
4.578909182407561317e-04
3.371544167228590649e-04
0.000000000000000000e+00
3.371544167228590649e-04
3.371544167228590649e-04
1.926596666987765891e-04
8.760248533994042987e-04
2.247696111485727370e-04
1.685772083614295324e-04
3.371544167228590649e-04
1.123848055742863685e-04
3.371544167228590649e-04
3.371544167228590649e-04
1.685772083614295324e-04
0.000000000000000000e+00
3.371544167228590649e-04
2.022926500337154064e-04
3.371544167228590649e-04
3.371544167228590649e-04
2.889895000481648973e-04
2.408245833734707297e-04
3.371544167228590649e-04
0.000000000000000000e+00
3.371544167228590649e-04
3.371544167228590649e-04
8.919866351075132326e-04
3.371544167228590649e-04
1.123848055742863685e-04
3.371544167228590649e-04
3.371544167228590649e-04
3.371544167228590649e-04
3.371544167228590649e-04
3.371544167228590649e-04
3.371544167228590649e-04
5.438797008649556321e-04
3.622680874446943433e-04
2.889895000481648973e-04
2.996928148647636132e-04
2.247696111485727370e-04
3.371544167228590649e-04
1.685772083614295324e-04
3.371544167228590649e-04
3.371544167228590649e-04
0.000000000000000000e+00
6.743088334457181298e-04
3.371544167228591191e-04
2.408245833734707297e-04
3.371544167228590649e-04
1.685772083614295324e-04
1.685772083614295324e-04
2.330998813509139208e-04
3.371544167228590649e-04
0.000000000000000000e+00
0.000000000000000000e+00
3.371544167228590649e-04
3.371544167228590649e-04
3.371544167228590649e-04
0.000000000000000000e+00
0.000000000000000000e+00
3.371544167228590649e-04
0.000000000000000000e+00
2.961820208779650785e-04
1.348617666891436260e-03
2.334665730707152754e-04
3.371544167228590649e-04
3.371544167228590649e-04
0.000000000000000000e+00
1.685772083614295324e-04
1.348617666891436260e-03
1.685772083614295324e-04
3.371544167228590649e-04
3.371544167228590649e-04
3.371544167228590649e-04
3.371544167228590649e-04
3.371544167228590649e-04
0.000000000000000000e+00
3.371544167228590649e-04
3.371544167228590649e-04
1.011463250168577249e-03
1.490607244429333349e-04
3.371544167228591191e-04
4.279846252015620306e-04
0.000000000000000000e+00
2.889895000481648973e-04
2.356360322094853553e-04
3.671048820009510487e-04
3.371544167228590649e-04
3.371544167228590649e-04
3.371544167228590649e-04
4.169369447237490666e-04
1.685772083614295324e-04
0.000000000000000000e+00
2.247696111485727370e-04
2.996928148647636132e-04
3.371544167228590649e-04
1.685772083614295324e-04
3.371544167228590649e-04
3.545464184411550065e-04
2.889895000481648973e-04
3.371544167228590649e-04
3.371544167228590649e-04
2.415977957051024185e-04
3.371544167228590649e-04
4.495392222971454741e-04
2.362722673791566638e-03
1.685772083614295324e-04
2.996928148647636132e-04
1.685772083614295324e-04
3.371544167228590649e-04
2.697235333782872085e-04
3.371544167228590649e-04
2.528658125421443122e-04
3.371544167228590649e-04
3.541784416796173282e-04
5.103743853070240961e-04
0.000000000000000000e+00
2.247696111485727370e-04
1.123848055742863685e-04
3.371544167228590649e-04
3.371544167228591191e-04
2.247696111485727370e-04
3.371544167228590107e-04
0.000000000000000000e+00
2.247696111485727370e-04
3.371544167228590649e-04
2.814028050271387958e-04
2.889895000481648973e-04
3.371544167228590649e-04
3.034389750505731096e-04
3.371544167228590540e-03
3.164387903052977074e-04
0.000000000000000000e+00
3.371544167228590649e-04
3.080516538350316848e-04
3.371544167228590649e-04
2.889895000481648973e-04
3.557867633865293084e-04
2.809620139357159145e-04
3.371544167228590649e-04
1.926596666987765891e-04
3.371544167228590649e-04
2.356360322094853553e-04
2.206044760474021316e-04
3.371544167228590649e-04
3.371544167228591191e-04
3.371544167228590649e-04
1.123848055742863685e-04
3.034389750505731096e-04
2.356360322094853553e-04
3.371544167228590649e-04
3.371544167228590649e-04
3.371544167228590649e-04
1.685772083614295324e-04
3.080516538350316848e-04
0.000000000000000000e+00
6.743088334457181298e-04
3.371544167228590649e-04
2.528658125421443122e-04
3.671048820009510487e-04
3.371544167228590649e-04
3.371544167228590649e-04
1.685772083614295324e-04
3.371544167228590649e-04
3.371544167228590649e-04
2.697235333782872627e-04
3.371544167228590649e-04
2.825096006766277023e-04
3.034389750505731096e-04
3.545464184411550065e-04
1.011463250168577249e-03
0.000000000000000000e+00
3.371544167228590649e-04
9.402869124976378102e-04
3.371544167228590649e-04
3.371544167228590649e-04
3.371544167228590649e-04
0.000000000000000000e+00
3.371544167228590649e-04
2.067252841420965943e-04
5.728152408415438214e-04
2.528658125421443122e-04
2.528658125421443122e-04
2.356360322094853553e-04
3.371544167228590649e-04
3.371544167228590649e-04
2.825096006766277023e-04
3.371544167228590649e-04
5.167606235602165967e-04
3.371544167228590649e-04
3.371544167228590649e-04
3.371544167228590649e-04
3.371544167228590649e-04
3.371544167228590649e-04
3.371544167228590649e-04
3.371544167228590649e-04
3.371544167228590649e-04
0.000000000000000000e+00
1.304291325807624977e-04
2.849091476440586738e-04
3.371544167228590649e-04
3.371544167228590649e-04
3.371544167228590649e-04
3.371544167228590649e-04
3.371544167228590649e-04
3.708698583951449551e-03
3.371544167228590649e-04
3.034389750505731096e-04
3.541784416796173282e-04
2.697235333782872085e-04
1.348617666891436043e-04
2.022926500337154064e-04
3.371544167228590649e-04
0.000000000000000000e+00
3.371544167228590649e-04
3.601274571664043046e-04
3.371544167228590649e-04
3.371544167228590649e-04
0.000000000000000000e+00
3.371544167228591191e-04
1.685772083614295324e-04
2.906608069504347893e-04
3.371544167228590649e-04
3.371544167228590649e-04
1.873080092904772583e-04
3.371544167228590649e-04
8.428860418071476622e-05
8.322483275769812245e-04
1.011463250168577249e-03
3.371544167228590649e-04
3.371544167228590649e-04
0.000000000000000000e+00
3.371544167228590649e-04
3.371544167228590649e-04
3.371544167228590649e-04
3.371544167228590649e-04
3.371544167228590649e-04
3.371544167228590649e-04
2.104505565009389106e-04
3.371544167228590649e-04
3.371544167228590649e-04
3.371544167228590649e-04
4.134505682841931886e-04
0.000000000000000000e+00
3.371544167228590649e-04
3.371544167228590649e-04
0.000000000000000000e+00
3.371544167228590649e-04
3.371544167228590649e-04
2.247696111485727370e-04
1.873080092904772583e-04
2.247696111485727370e-04
3.371544167228590649e-04
2.206044760474021316e-04
3.371544167228590649e-04
2.697235333782872627e-04
3.724675796509754628e-04
3.371544167228590649e-04
3.371544167228590649e-04
3.371544167228590107e-04
3.371544167228590649e-04
5.126011688684212067e-04
3.371544167228590649e-04
3.371544167228590649e-04
3.371544167228590649e-04
0.000000000000000000e+00
2.996928148647636132e-04
1.444947500240824486e-04
2.414730030357941607e-04
2.247696111485727370e-04
3.371544167228590649e-04
3.371544167228590649e-04
3.371544167228590649e-04
3.371544167228590649e-04
3.371544167228590649e-04
3.371544167228590649e-04
3.371544167228590649e-04
2.373290927289732806e-04
3.371544167228590649e-04
4.592295678487171755e-04
3.371544167228590649e-04
3.371544167228590649e-04
3.371544167228590649e-04
2.528658125421443122e-04
1.348617666891436260e-03
3.371544167228590649e-04
3.371544167228590649e-04
3.371544167228590649e-04
3.371544167228590649e-04
3.371544167228590649e-04
3.371544167228591191e-04
1.873080092904772583e-04
0.000000000000000000e+00
2.247696111485727370e-04
3.371544167228590649e-04
4.291927489486047466e-04
1.873080092904772583e-04
2.206044760474021316e-04
1.685772083614295270e-03
3.371544167228590649e-04
3.371544167228590649e-04
3.371544167228590649e-04
3.371544167228590649e-04
3.371544167228590649e-04
3.371544167228590649e-04
0.000000000000000000e+00
2.861738150893923288e-04
0.000000000000000000e+00
3.371544167228590649e-04
3.371544167228590649e-04
3.371544167228590649e-04
2.809620139357159145e-04
0.000000000000000000e+00
3.887848804069762008e-04
3.371544167228590649e-04
6.743088334457181298e-04
3.371544167228590649e-04
0.000000000000000000e+00
3.371544167228590649e-04
2.889895000481648973e-04
2.247696111485727370e-04
0.000000000000000000e+00
3.034389750505731530e-03
2.528658125421443122e-04
1.685772083614295324e-04
2.022926500337154064e-04
3.371544167228590649e-04
3.371544167228590649e-04
4.045853000674308995e-03
0.000000000000000000e+00
3.371544167228590649e-04
3.371544167228590649e-04
0.000000000000000000e+00
3.371544167228590649e-04
3.371544167228590649e-04
3.371544167228590649e-04
2.677303841930306740e-04
3.371544167228590649e-04
0.000000000000000000e+00
2.809620139357159145e-04
1.123848055742863685e-04
1.685772083614295324e-04
2.950101146325016886e-04
0.000000000000000000e+00
3.371544167228590649e-04
3.371544167228590649e-04
3.371544167228590649e-04
3.371544167228590649e-04
0.000000000000000000e+00
3.371544167228590649e-04
1.685772083614295324e-04
1.685772083614295324e-04
3.371544167228590649e-04
0.000000000000000000e+00
1.685772083614295324e-04
3.451448719558481023e-04
2.408245833734707297e-04
3.371544167228590649e-04
2.247696111485727370e-04
3.371544167228590649e-04
2.528658125421443122e-04
9.404684613996285145e-05
1.685772083614295324e-04
4.045853000674308995e-03
2.206044760474021316e-04
2.247696111485727370e-04
1.011463250168577249e-03
1.011463250168577249e-03
3.371544167228590649e-04
3.371544167228590107e-04
2.889895000481648973e-04
2.861738150893923288e-04
5.438797008649556321e-04
2.849091476440586738e-04
2.408245833734707297e-04
8.159142236986357275e-04
3.371544167228590649e-04
2.889895000481648973e-04
3.371544167228590649e-04
3.371544167228590649e-04
3.371544167228590649e-04
3.371544167228590107e-04
3.371544167228590649e-04
0.000000000000000000e+00
4.169369447237490666e-04
3.371544167228590649e-04
3.080516538350316848e-04
3.371544167228590649e-04
6.743088334457181298e-04
3.371544167228590649e-04
2.528658125421443122e-04
3.371544167228590649e-04
3.371544167228590649e-04
3.371544167228590649e-04
3.371544167228590649e-04
2.697235333782872085e-04
3.371544167228590649e-04
3.371544167228590649e-04
2.415977957051024185e-04
2.950101146325016886e-04
4.720161834120027017e-03
2.849091476440586738e-04
3.371544167228590649e-04
3.371544167228590649e-04
3.371544167228590649e-04
0.000000000000000000e+00
3.371544167228590649e-04
1.685772083614295324e-04
2.767861659639105315e-04
3.371544167228590649e-04
1.685772083614295324e-04
3.371544167228590649e-04
3.371544167228590649e-04
3.371544167228590649e-04
3.371544167228590649e-04
3.371544167228590649e-04
2.247696111485727370e-04
1.685772083614295324e-04
0.000000000000000000e+00
6.743088334457181298e-04
3.371544167228590649e-04
3.371544167228590649e-04
3.371544167228590649e-04
4.328358304099239962e-04
3.371544167228590649e-04
2.247696111485727370e-04
2.849091476440586738e-04
4.862151411657923998e-04
5.103743853070240961e-04
2.408245833734707297e-04
5.103743853070240961e-04
3.724675796509754628e-04
1.685772083614295324e-04
2.247696111485727370e-04
3.371544167228590649e-04
3.371544167228590649e-04
0.000000000000000000e+00
3.371544167228590649e-04
2.247696111485727370e-04
3.371544167228590649e-04
4.315576534052596031e-02
3.371544167228590649e-04
3.541784416796173282e-04
3.371544167228590107e-04
2.849091476440586738e-04
3.371544167228590649e-04
3.371544167228590649e-04
0.000000000000000000e+00
2.880593066556650685e-04
0.000000000000000000e+00
0.000000000000000000e+00
2.415977957051024185e-04
3.371544167228591191e-04
2.528658125421443122e-04
3.371544167228590649e-04
3.371544167228590649e-04
3.371544167228590649e-04
3.371544167228590649e-04
2.767861659639105315e-04
1.685772083614295595e-04
3.371544167228590649e-04
3.528257141720238981e-04
0.000000000000000000e+00
3.371544167228590649e-04
3.371544167228590649e-04
3.371544167228590649e-04
3.371544167228590649e-04
3.371544167228591191e-04
3.371544167228590649e-04
8.085383228864848862e-05
3.371544167228590649e-04
3.371544167228590649e-04
9.504238301229549310e-05
3.371544167228590649e-04
3.371544167228590649e-04
1.685772083614295324e-04
1.685772083614295595e-04
1.570906881396568855e-04
3.371544167228590649e-04
0.000000000000000000e+00
3.066347067000479466e-04
3.371544167228590649e-04
3.371544167228591191e-04
3.371544167228590649e-04
2.861738150893923288e-04
5.438797008649556321e-04
3.371544167228590649e-04
3.514892670817975641e-04
3.371544167228590649e-04
9.404684613996285145e-05
2.528658125421443122e-04
3.371544167228590649e-04
2.861738150893923288e-04
3.371544167228590649e-04
3.371544167228590649e-04
3.371544167228590649e-04
3.371544167228590649e-04
3.371544167228590649e-04
5.438797008649556321e-04
3.753024925035261267e-04
3.371544167228590649e-04
3.371544167228590649e-04
6.695428890329458609e-04
3.080516538350316848e-04
2.247696111485727370e-04
2.849091476440586738e-04
3.371544167228590649e-04
0.000000000000000000e+00
3.371544167228590649e-04
0.000000000000000000e+00
3.371544167228590649e-04
3.371544167228590649e-04
3.371544167228590649e-04
3.371544167228591191e-04
3.371544167228590649e-04
3.371544167228591191e-04
3.371544167228590649e-04
1.123848055742863685e-04
1.685772083614295324e-04
3.371544167228590649e-04
3.371544167228591191e-04
2.697235333782872085e-04
3.371544167228590649e-04
3.371544167228590649e-04
3.371544167228590649e-04
6.743088334457181298e-04
1.348617666891436260e-03
3.903427687234524174e-04
3.371544167228590649e-04
3.371544167228590649e-04
3.371544167228591191e-04
2.889895000481648973e-04
3.371544167228590649e-04
2.247696111485727370e-04
6.743088334457181298e-04
3.371544167228590649e-04
2.813270150827841412e-04
4.008588307346968834e-04
4.753962062581764997e-04
3.371544167228590649e-04
0.000000000000000000e+00
3.371544167228590649e-04
3.371544167228591191e-04
9.225826070633501340e-04
0.000000000000000000e+00
3.371544167228590649e-04
3.371544167228590649e-04
3.371544167228590649e-04
3.371544167228590649e-04
2.772175152120918062e-04
3.371544167228590649e-04
0.000000000000000000e+00
3.371544167228590649e-04
2.906608069504347893e-04
3.371544167228590649e-04
3.371544167228590649e-04
0.000000000000000000e+00
2.408245833734707297e-04
0.000000000000000000e+00
5.004033233380347995e-04
2.022926500337154064e-04
1.123848055742863685e-04
0.000000000000000000e+00
0.000000000000000000e+00
0.000000000000000000e+00
1.685772083614295324e-04
3.371544167228590649e-04
2.022926500337154064e-04
3.371544167228590649e-04
3.371544167228590649e-04
3.371544167228590649e-04
5.675073863196585270e-04
3.371544167228590649e-04
3.371544167228590649e-04
1.685772083614295324e-04
2.522046259050099090e-04
3.371544167228590649e-04
3.371544167228590649e-04
3.371544167228590107e-04
3.371544167228590649e-04
3.371544167228590649e-04
0.000000000000000000e+00
3.371544167228590649e-04
3.371544167228590649e-04
3.371544167228590649e-04
3.371544167228590649e-04
3.371544167228590649e-04
3.371544167228590649e-04
6.743088334457181298e-04
3.371544167228590649e-04
1.685772083614295324e-04
0.000000000000000000e+00
8.428860418071476622e-05
3.371544167228590649e-04
3.371544167228590649e-04
8.428860418071476622e-05
0.000000000000000000e+00
3.371544167228590649e-04
3.371544167228590649e-04
3.371544167228590649e-04
2.022926500337154064e-04
3.371544167228590649e-04
2.809620139357159145e-04
3.371544167228590649e-04
2.247696111485727370e-04
5.299149013724070885e-04
1.778014943070863659e-04
1.685772083614295324e-04
3.371544167228590649e-04
3.371544167228590649e-04
3.371544167228590649e-04
5.233882065483468505e-04
2.330998813509139208e-04
3.371544167228590649e-04
3.371544167228590649e-04
3.371544167228590649e-04
4.578909182407561317e-04
3.371544167228590649e-04
3.371544167228591191e-04
5.888854948559376235e-04
0.000000000000000000e+00
3.371544167228590649e-04
0.000000000000000000e+00
3.371544167228590649e-04
1.685772083614295324e-04
1.123848055742863685e-04
3.371544167228590649e-04
8.760248533994042987e-04
1.778014943070863659e-04
3.371544167228590649e-04
3.371544167228590649e-04
1.123848055742863685e-04
2.247696111485727370e-04
3.371544167228590649e-04
0.000000000000000000e+00
3.371544167228590649e-04
4.010847532145612624e-04
3.371544167228590107e-04
3.371544167228590649e-04
0.000000000000000000e+00
8.766014834794336446e-04
6.743088334457181569e-05
3.371544167228590649e-04
3.371544167228590649e-04
5.149559110299453766e-04
2.697235333782872085e-04
3.371544167228590649e-04
3.371544167228591191e-04
1.685772083614295324e-04
3.371544167228590649e-04
5.004033233380347995e-04
3.371544167228590649e-04
8.556140649028211656e-04
3.371544167228590649e-04
3.371544167228590649e-04
3.371544167228591191e-04
3.371544167228590649e-04
3.371544167228590649e-04
3.371544167228590649e-04
3.371544167228590649e-04
3.371544167228590649e-04
1.685772083614295324e-04
2.022926500337154064e-04
3.514892670817975641e-04
3.371544167228590649e-04
3.371544167228590649e-04
2.697235333782872085e-04
0.000000000000000000e+00
2.247696111485727370e-04
3.371544167228590649e-04
6.743088334457182382e-04
1.685772083614295324e-04
3.371544167228590649e-04
1.685772083614295270e-03
3.371544167228590649e-04
3.371544167228590649e-04
1.348617666891436260e-03
0.000000000000000000e+00
3.371544167228590649e-04
2.222518678838579574e-04
2.636195913737250391e-04
0.000000000000000000e+00
3.371544167228590649e-04
3.371544167228590649e-04
1.348617666891436043e-04
1.011463250168577249e-03
3.832812045674446541e-04
4.183055405750790040e-04
1.873080092904772583e-04
5.229613085065076220e-04
8.428860418071476622e-05
2.206044760474021316e-04
0.000000000000000000e+00
3.371544167228590649e-04
3.152243496212531887e-04
3.371544167228590649e-04
1.685772083614295324e-04
3.371544167228591191e-04
3.371544167228590649e-04
3.371544167228590649e-04
3.371544167228590649e-04
3.371544167228590649e-04
0.000000000000000000e+00
1.685772083614295324e-04
4.728288204476892320e-04
3.034389750505731530e-03
3.371544167228590649e-04
3.371544167228590649e-04
8.428860418071476622e-05
2.247696111485727370e-04
3.371544167228590649e-04
3.371544167228590649e-04
3.557867633865293084e-04
3.371544167228590649e-04
3.371544167228590649e-04
2.415977957051024185e-04
2.906608069504348435e-04
5.434021311670415421e-04
2.360080917060013508e-03
3.371544167228590649e-04
3.371544167228590649e-04
3.371544167228590649e-04
1.685772083614295324e-04
0.000000000000000000e+00
1.685772083614295324e-04
1.304291325807624977e-04
2.247696111485727370e-04
3.371544167228590649e-04
3.371544167228590649e-04
1.880936922799257029e-04
3.371544167228590649e-04
0.000000000000000000e+00
3.371544167228590649e-04
3.371544167228590649e-04
3.371544167228590649e-04
3.371544167228590107e-04
4.008588307346968834e-04
3.371544167228591191e-04
3.371544167228590649e-04
3.103641567833845456e-04
3.371544167228590649e-04
2.528658125421443122e-04
0.000000000000000000e+00
1.685772083614295324e-04
1.685772083614295324e-04
6.743088334457181298e-04
2.517310781330783960e-04
1.011463250168577249e-03
3.371544167228590649e-04
1.123848055742863685e-04
1.123848055742863685e-04
1.872095550250997759e-04
3.371544167228590649e-04
1.123848055742863685e-04
2.067252841420965943e-04
3.371544167228590107e-04
0.000000000000000000e+00
1.123848055742863685e-04
3.371544167228590649e-04
2.247696111485727370e-04
3.371544167228590649e-04
0.000000000000000000e+00
3.371544167228590649e-04
3.371544167228590649e-04
3.371544167228590649e-04
3.371544167228590649e-04
3.371544167228590649e-04
1.123848055742863685e-04
3.371544167228590649e-04
1.123848055742863685e-04
2.247696111485727370e-04
3.371544167228590649e-04
9.110339051149749434e-04
2.697235333782872085e-04
3.371544167228590649e-04
3.371544167228590649e-04
1.348617666891436260e-03
3.832812045674446541e-04
3.371544167228590649e-04
3.371544167228590649e-04
3.371544167228590649e-04
0.000000000000000000e+00
3.371544167228590649e-04
3.371544167228590649e-04
3.371544167228590649e-04
3.371544167228590649e-04
3.371544167228590649e-04
3.528257141720238981e-04
3.371544167228590649e-04
3.371544167228590649e-04
3.371544167228590649e-04
3.371544167228590649e-04
1.685772083614295324e-04
1.685772083614295324e-04
3.371544167228590649e-04
1.872095550250997759e-04
1.872095550250997759e-04
1.939729907014949267e-04
3.371544167228590649e-04
1.685772083614295324e-04
3.371544167228590649e-04
1.685772083614295324e-04
3.371544167228591191e-04
4.183055405750790040e-04
3.396090582368719159e-04
3.371544167228591191e-04
3.371544167228590649e-04
3.371544167228590649e-04
3.371544167228590649e-04
3.371544167228590649e-04
3.371544167228590649e-04
2.528658125421443122e-04
3.371544167228590649e-04
0.000000000000000000e+00
2.996928148647636132e-04
3.371544167228590649e-04
1.685772083614295324e-04
3.371544167228590649e-04
3.801695320491819724e-04
3.371544167228590649e-04
2.889895000481648973e-04
2.697235333782872627e-04
5.280944203075981901e-04
3.371544167228590649e-04
3.371544167228590649e-04
3.371544167228590649e-04
2.247696111485727370e-04
8.040569129811723668e-04
3.371544167228590649e-04
3.371544167228590649e-04
0.000000000000000000e+00
0.000000000000000000e+00
1.872095550250997759e-04
3.371544167228590649e-04
1.123848055742863685e-04
1.872095550250997759e-04
3.371544167228590649e-04
0.000000000000000000e+00
1.685772083614295324e-04
3.371544167228590649e-04
3.371544167228590649e-04
3.371544167228590649e-04
1.011463250168577249e-03
1.872095550250997759e-04
0.000000000000000000e+00
3.371544167228590649e-04
2.849091476440586738e-04
3.371544167228590649e-04
3.371544167228590649e-04
3.371544167228590649e-04
3.371544167228590649e-04
3.371544167228590649e-04
9.234614674805292087e-04
3.371544167228590649e-04
0.000000000000000000e+00
6.743088334457181298e-04
3.371544167228590649e-04
3.371544167228590649e-04
3.753024925035261267e-04
3.371544167228591191e-04
3.371544167228590649e-04
2.889895000481648973e-04
3.514892670817975641e-04
5.126011688684212067e-04
3.371544167228590649e-04
3.371544167228590649e-04
3.371544167228590649e-04
3.371544167228590649e-04
3.371544167228590649e-04
2.697235333782872085e-04
4.291927489486047466e-04
3.371544167228590649e-04
2.222518678838579574e-04
3.371544167228590649e-04
0.000000000000000000e+00
3.371544167228590649e-04
3.371544167228590649e-04
3.371544167228590649e-04
3.371544167228590649e-04
3.159042234268231476e-04
4.578909182407561317e-04
3.371544167228590649e-04
3.371544167228590649e-04
3.371544167228590649e-04
0.000000000000000000e+00
3.371544167228590649e-04
3.371544167228590649e-04
3.371544167228590649e-04
5.103743853070240961e-04
1.685772083614295324e-04
0.000000000000000000e+00
2.528658125421443122e-04
1.872095550250997759e-04
3.371544167228590649e-04
3.371544167228590649e-04
2.697235333782872627e-04
2.498461280593769788e-04
3.371544167228590649e-04
3.371544167228590649e-04
3.371544167228590649e-04
3.371544167228590649e-04
3.371544167228590649e-04
3.371544167228590649e-04
3.371544167228590649e-04
3.371544167228590649e-04
3.371544167228590649e-04
3.371544167228590649e-04
3.371544167228590649e-04
3.371544167228590649e-04
2.889895000481648973e-04
1.498464074323818066e-04
8.428860418071476622e-05
3.371544167228590649e-04
3.371544167228590649e-04
0.000000000000000000e+00
1.011463250168577249e-03
6.743088334457181298e-04
4.395557338711147586e-04
2.697235333782872519e-03
1.685772083614295324e-04
3.371544167228590649e-04
0.000000000000000000e+00
3.371544167228590649e-04
3.371544167228590649e-04
3.371544167228590649e-04
3.371544167228590649e-04
3.371544167228590649e-04
3.371544167228590649e-04
1.685772083614295324e-04
2.889895000481648973e-04
3.371544167228590649e-04
2.889895000481648973e-04
3.371544167228590649e-04
3.371544167228590649e-04
2.415977957051024185e-04
3.371544167228590649e-04
3.371544167228590649e-04
2.889895000481648973e-04
0.000000000000000000e+00
3.371544167228590649e-04
3.371544167228590649e-04
1.685772083614295324e-04
3.371544167228590649e-04
2.996928148647636132e-04
2.528658125421443122e-04
3.371544167228590649e-04
3.371544167228590649e-04
0.000000000000000000e+00
1.304291325807624977e-04
3.371544167228590649e-04
3.371544167228590649e-04
3.371544167228590649e-04
3.371544167228590649e-04
3.371544167228590649e-04
3.371544167228590649e-04
0.000000000000000000e+00
3.371544167228589565e-04
3.371544167228590649e-04
3.371544167228590649e-04
6.743088334457181298e-04
0.000000000000000000e+00
3.371544167228590649e-04
3.371544167228590649e-04
3.371544167228590649e-04
0.000000000000000000e+00
3.371544167228590649e-04
3.371544167228590649e-04
3.371544167228590649e-04
3.371544167228590649e-04
3.371544167228590649e-04
2.022926500337154064e-04
2.697235333782872627e-04
2.415977957051024185e-04
3.371544167228590649e-04
0.000000000000000000e+00
1.926596666987765891e-04
3.371544167228590649e-04
1.619672781903052131e-04
3.371544167228590649e-04
2.247696111485727370e-04
1.685772083614295324e-04
0.000000000000000000e+00
4.481591992102736599e-04
3.371544167228590649e-04
2.356360322094853553e-04
3.371544167228590649e-04
1.685772083614295324e-04
2.135029062785674539e-04
2.022926500337154064e-04
1.685772083614295324e-04
4.481591992102736599e-04
0.000000000000000000e+00
3.371544167228590649e-04
2.247696111485727370e-04
2.906608069504348435e-04
3.371544167228590649e-04
3.371544167228590649e-04
3.371544167228590649e-04
3.371544167228590649e-04
0.000000000000000000e+00
2.133511688362488257e-04
0.000000000000000000e+00
3.371544167228590649e-04
3.371544167228590649e-04
3.371544167228590649e-04
3.371544167228590649e-04
3.371544167228590649e-04
3.371544167228590649e-04
1.444947500240824486e-04
3.371544167228590649e-04
3.371544167228590649e-04
3.371544167228590649e-04
3.371544167228590649e-04
3.371544167228590649e-04
3.371544167228590649e-04
3.371544167228590649e-04
3.371544167228590649e-04
3.371544167228590649e-04
3.371544167228590649e-04
3.371544167228590649e-04
3.371544167228590649e-04
6.743088334457181298e-04
5.126011688684212067e-04
3.371544167228590649e-04
3.371544167228590649e-04
3.371544167228590649e-04
3.371544167228590649e-04
4.750694876423372645e-04
2.247696111485727370e-04
3.371544167228590649e-04
1.685772083614295324e-04
3.371544167228590649e-04
1.062494920305315661e-03
3.371544167228590107e-04
5.682008087873509361e-04
3.371544167228590649e-04
2.278647846303963396e-04
3.371544167228591191e-04
6.743088334457181298e-04
2.022926500337154498e-03
6.405933917734322504e-03
0.000000000000000000e+00
3.371544167228590649e-04
2.104505565009389106e-04
0.000000000000000000e+00
3.371544167228590649e-04
3.371544167228590649e-04
2.697235333782872519e-03
9.114591385215851417e-04
3.371544167228590107e-04
3.371544167228590649e-04
4.578909182407561317e-04
8.428860418071476622e-05
5.149559110299453766e-04
3.371544167228590649e-04
3.371544167228590107e-04
3.371544167228590649e-04
3.371544167228590649e-04
3.371544167228590649e-04
3.371544167228590649e-04
3.371544167228590649e-04
2.022926500337154064e-04
3.371544167228590649e-04
2.513633327290972570e-04
3.371544167228590649e-04
3.371544167228590649e-04
0.000000000000000000e+00
3.371544167228590649e-04
4.328358304099239962e-04
3.371544167228590649e-04
1.348617666891436260e-03
3.832812045674446541e-04
6.743088334457181298e-04
3.371544167228590649e-04
0.000000000000000000e+00
3.371544167228590649e-04
0.000000000000000000e+00
1.685772083614295324e-04
3.371544167228590107e-04
3.371544167228590649e-04
3.371544167228590649e-04
3.371544167228590649e-04
3.671048820009510487e-04
3.371544167228590649e-04
2.623030579187755201e-03
1.375684157401150555e-03
1.098840987000863868e-03
3.371544167228590649e-04
3.371544167228590649e-04
3.371544167228590649e-04
9.504238301229549310e-05
2.356360322094853553e-04
3.371544167228590649e-04
3.371544167228590649e-04
3.371544167228590649e-04
2.528658125421443122e-04
3.371544167228590649e-04
3.371544167228590649e-04
2.356360322094853553e-04
3.371544167228590649e-04
2.861738150893923288e-04
2.528658125421443122e-04
0.000000000000000000e+00
3.371544167228590649e-04
3.371544167228590649e-04
3.371544167228591191e-04
3.371544167228590649e-04
4.348070591541695722e-04
3.371544167228590649e-04
1.011463250168577249e-03
3.371544167228590649e-04
1.123848055742863685e-04
3.371544167228590649e-04
6.743088334457181298e-04
3.371544167228590649e-04
3.371544167228590649e-04
2.528658125421443122e-04
2.825096006766277023e-04
3.066347067000479466e-04
2.996928148647636132e-04
7.470658426245825124e-04
3.954867890194204523e-04
3.371544167228590649e-04
3.371544167228590649e-04
1.685772083614295324e-04
3.371544167228590649e-04
8.322483275769812245e-04
5.438797008649556321e-04
3.371544167228590649e-04
3.371544167228590649e-04
0.000000000000000000e+00
0.000000000000000000e+00
3.371544167228590649e-04
3.371544167228590649e-04
3.371544167228590649e-04
3.371544167228590107e-04
3.557867633865293084e-04
3.371544167228590649e-04
1.872095550250997759e-04
1.123848055742863685e-04
3.371544167228590649e-04
2.873799765334022517e-04
3.371544167228591191e-04
3.371544167228590649e-04
1.685772083614295324e-04
3.371544167228590649e-04
3.371544167228590649e-04
2.347530995746033712e-04
3.371544167228590649e-04
3.601274571664043046e-04
3.371544167228590649e-04
3.371544167228590649e-04
3.545464184411550065e-04
1.872095550250997759e-04
6.675435660281147212e-04
2.067252841420965943e-04
1.685772083614295324e-04
3.371544167228590649e-04
0.000000000000000000e+00
1.685772083614295324e-04
3.371544167228590540e-03
3.708698583951449551e-03
5.548322183846541135e-04
0.000000000000000000e+00
3.371544167228590649e-04
3.371544167228590649e-04
3.371544167228590649e-04
0.000000000000000000e+00
0.000000000000000000e+00
0.000000000000000000e+00
2.647035648526953008e-04
3.371544167228590649e-04
3.371544167228590649e-04
3.371544167228590649e-04
3.371544167228590649e-04
1.011463250168577249e-03
3.371544167228590649e-04
2.996928148647636132e-04
3.371544167228590649e-04
1.685772083614295324e-04
1.685772083614295595e-04
3.371544167228590649e-04
2.861738150893923288e-04
1.685772083614295270e-03
3.371544167228590107e-04
6.743088334457181298e-04
0.000000000000000000e+00
1.685772083614295595e-04
0.000000000000000000e+00
3.371544167228590649e-04
2.022926500337154064e-04
2.247696111485727370e-04
3.601274571664043046e-04
2.222518678838579574e-04
3.601274571664043046e-04
2.247696111485727370e-04
1.123848055742863685e-04
2.334665730707152754e-04
3.801695320491819724e-04
2.247696111485727370e-04
5.103743853070240961e-04
3.371544167228590649e-04
3.371544167228590649e-04
1.685772083614295595e-04
5.103743853070240961e-04
1.685772083614295595e-04
3.371544167228590649e-04
2.528658125421443122e-04
3.371544167228590649e-04
0.000000000000000000e+00
0.000000000000000000e+00
1.872095550250997759e-04
1.872095550250997759e-04
1.619672781903052131e-04
3.371544167228590649e-04
1.619672781903052131e-04
3.371544167228590649e-04
3.371544167228590649e-04
3.371544167228590649e-04
3.371544167228590649e-04
3.371544167228590649e-04
2.772175152120918062e-04
0.000000000000000000e+00
3.371544167228590649e-04
2.697235333782872085e-04
3.371544167228590649e-04
3.371544167228590649e-04
3.371544167228590649e-04
3.371544167228590649e-04
2.522046259050099090e-04
3.371544167228590649e-04
3.557867633865293084e-04
2.996928148647636132e-04
3.371544167228590649e-04
3.557867633865293084e-04
0.000000000000000000e+00
1.685772083614295270e-03
1.348617666891436260e-03
3.371544167228590107e-04
2.528658125421443122e-04
2.528658125421443122e-04
3.371544167228590649e-04
2.067252841420965943e-04
3.801695320491819724e-04
3.557867633865293084e-04
1.619672781903052131e-04
2.593495513252762580e-04
3.541784416796173282e-04
3.517723264589974548e-04
5.802619873057552648e-04
2.528658125421443664e-04
1.966734097550011618e-04
3.557867633865293084e-04
2.921516100223333625e-04
3.371544167228590649e-04
1.685772083614295324e-04
3.371544167228590649e-04
1.123848055742863685e-04
2.528658125421443122e-04
1.685772083614295324e-04
2.758536136823392694e-04
2.206044760474021316e-04
8.625591156125439994e-04
3.371544167228590649e-04
2.758536136823392694e-04
3.371544167228590649e-04
3.507249409637504516e-04
3.371544167228591191e-04
2.206044760474021316e-04
3.371544167228590649e-04
3.371544167228591191e-04
3.371544167228590649e-04
3.557867633865293084e-04
4.904717700728829840e-04
3.371544167228590649e-04
0.000000000000000000e+00
3.088810651191411442e-04
0.000000000000000000e+00
1.685772083614295324e-04
6.068779501011462192e-04
3.159042234268231476e-04
2.697235333782872085e-04
3.371544167228590649e-04
3.371544167228590649e-04
1.685772083614295270e-03
2.528658125421443122e-04
3.371544167228590649e-04
2.636195913737250391e-04
1.622142945764784442e-03
2.247696111485727370e-04
1.123848055742863685e-04
3.557867633865293084e-04
3.371544167228590649e-04
2.758536136823392694e-04
2.906608069504348435e-04
0.000000000000000000e+00
0.000000000000000000e+00
8.428860418071477435e-04
0.000000000000000000e+00
0.000000000000000000e+00
1.685772083614295595e-04
0.000000000000000000e+00
3.371544167228590649e-04
0.000000000000000000e+00
0.000000000000000000e+00
2.996928148647636132e-04
3.371544167228590649e-04
1.880936922799257029e-04
0.000000000000000000e+00
3.371544167228590649e-04
0.000000000000000000e+00
3.371544167228590649e-04
3.371544167228590649e-04
3.371544167228590649e-04
6.994225041675535166e-04
3.507249409637504516e-04
3.371544167228590649e-04
1.123848055742863685e-04
2.528658125421443122e-04
3.371544167228590649e-04
3.371544167228590649e-04
0.000000000000000000e+00
3.371544167228591191e-04
0.000000000000000000e+00
3.371544167228591191e-04
3.371544167228590649e-04
2.022926500337154064e-04
3.371544167228590649e-04
3.371544167228590649e-04
0.000000000000000000e+00
0.000000000000000000e+00
3.371544167228590649e-04
3.371544167228590649e-04
3.371544167228590649e-04
3.371544167228590649e-04
1.123848055742863685e-04
6.478127440929770100e-04
0.000000000000000000e+00
2.996928148647636132e-04
2.996928148647636132e-04
3.371544167228590649e-04
1.147457389748190049e-03
3.371544167228590649e-04
3.371544167228590649e-04
3.371544167228590649e-04
3.371544167228590649e-04
1.011463250168577249e-03
0.000000000000000000e+00
3.371544167228590649e-04
1.685772083614295324e-04
1.685772083614295324e-04
1.685772083614295324e-04
3.371544167228590649e-04
2.247696111485727370e-04
3.371544167228590649e-04
3.371544167228590649e-04
0.000000000000000000e+00
2.528658125421443122e-04
3.371544167228590649e-04
3.371544167228590649e-04
2.697235333782872519e-03
3.371544167228590649e-04
3.371544167228590649e-04
3.371544167228590649e-04
3.371544167228590649e-04
3.371544167228590649e-04
3.371544167228590649e-04
9.744823408891083215e-04
3.371544167228590649e-04
3.371544167228590649e-04
3.371544167228590649e-04
0.000000000000000000e+00
3.371544167228590649e-04
4.045853000674308995e-03
3.371544167228590649e-04
3.371544167228590649e-04
7.706386667951063566e-04
3.371544167228590649e-04
3.371544167228590649e-04
0.000000000000000000e+00
3.371544167228590649e-04
1.011463250168577249e-03
2.247696111485727370e-04
3.371544167228590649e-04
2.022926500337154498e-03
0.000000000000000000e+00
2.247696111485727370e-04
3.371544167228590649e-04
3.954867890194204523e-04
3.371544167228590649e-04
3.371544167228590649e-04
3.371544167228590107e-04
2.697235333782872519e-03
0.000000000000000000e+00
1.082488993961758326e-03
3.371544167228590649e-04
1.348617666891436260e-03
0.000000000000000000e+00
6.743088334457181298e-04
2.022926500337154498e-03
0.000000000000000000e+00
3.663514523022405860e-04
3.371544167228590649e-04
1.685772083614295324e-04
3.371544167228590649e-04
1.685772083614295270e-03
0.000000000000000000e+00
3.371544167228590649e-04
6.743088334457181298e-04
1.685772083614295270e-03
5.126011688684212067e-04
1.123848055742863685e-04
3.371544167228590649e-04
0.000000000000000000e+00
8.766014834794335362e-04
3.371544167228590649e-04
0.000000000000000000e+00
5.731625084288604483e-03
3.371544167228590649e-04
3.371544167228590649e-04
1.685772083614295324e-04
1.685772083614295270e-03
6.695428890329458609e-04
4.169369447237490666e-04
3.159042234268231476e-04
3.371544167228590649e-04
0.000000000000000000e+00
2.513633327290972570e-04
3.371544167228590649e-04
3.371544167228590649e-04
1.685772083614295324e-04
3.371544167228590649e-04
1.348617666891436260e-03
3.371544167228590649e-04
3.514892670817975641e-04
1.685772083614295270e-03
3.371544167228590649e-04
4.291927489486047466e-04
6.514190509286098317e-04
0.000000000000000000e+00
2.330998813509139208e-04
2.247696111485727370e-04
0.000000000000000000e+00
3.371544167228590649e-04
3.371544167228590649e-04
4.085880877349504204e-04
0.000000000000000000e+00
0.000000000000000000e+00
3.371544167228590649e-04
3.371544167228590649e-04
1.685772083614295324e-04
0.000000000000000000e+00
3.683777413310373831e-04
3.371544167228590649e-04
0.000000000000000000e+00
0.000000000000000000e+00
3.371544167228590649e-04
2.586090726530305950e-04
3.954867890194204523e-04
5.299149013724070885e-04
2.247696111485727370e-04
3.371544167228590649e-04
3.371544167228590649e-04
2.742554712547738065e-04
3.371544167228590649e-04
3.371544167228590649e-04
3.371544167228590649e-04
0.000000000000000000e+00
3.371544167228590649e-04
3.371544167228590649e-04
2.772175152120918062e-04
1.123848055742863685e-04
4.291927489486047466e-04
3.371544167228590649e-04
3.371544167228590649e-04
3.371544167228590649e-04
5.074679630208718805e-05
3.371544167228590649e-04
0.000000000000000000e+00
3.371544167228590649e-04
3.371544167228590649e-04
3.371544167228590649e-04
0.000000000000000000e+00
3.371544167228590649e-04
2.022926500337154064e-04
0.000000000000000000e+00
0.000000000000000000e+00
3.371544167228590649e-04
1.685772083614295324e-04
3.371544167228590649e-04
3.371544167228590649e-04
3.371544167228590649e-04
2.067252841420965943e-04
3.371544167228590649e-04
3.371544167228590649e-04
2.247696111485727370e-04
0.000000000000000000e+00
3.371544167228590649e-04
3.371544167228591191e-04
3.371544167228590649e-04
2.247696111485727370e-04
3.371544167228590649e-04
0.000000000000000000e+00
2.247696111485727370e-04
3.371544167228590649e-04
3.371544167228590649e-04
3.371544167228590649e-04
0.000000000000000000e+00
3.371544167228590649e-04
3.371544167228590649e-04
3.371544167228590649e-04
3.371544167228590649e-04
6.743088334457181298e-04
0.000000000000000000e+00
3.371544167228590649e-04
3.371544167228590649e-04
3.371544167228590649e-04
3.371544167228590649e-04
3.371544167228590649e-04
3.371544167228590649e-04
3.371544167228590649e-04
6.218185081589603334e-04
1.685772083614295324e-04
3.371544167228590649e-04
7.866936390200046474e-04
3.371544167228590649e-04
1.685772083614295270e-03
3.371544167228590649e-04
3.371544167228590649e-04
3.371544167228590649e-04
3.371544167228590649e-04
3.371544167228590649e-04
3.371544167228590649e-04
0.000000000000000000e+00
2.809620139357159145e-04
2.067252841420965943e-04
1.011463250168577249e-03
0.000000000000000000e+00
3.371544167228590649e-04
3.371544167228590649e-04
3.371544167228590107e-04
3.371544167228590649e-04
2.809620139357159145e-04
3.371544167228590649e-04
2.996928148647636132e-04
3.371544167228590649e-04
0.000000000000000000e+00
3.371544167228590649e-04
3.371544167228590649e-04
3.371544167228590649e-04
2.528658125421443122e-04
2.247696111485727370e-04
1.304291325807624977e-04
8.085383228864848862e-05
3.371544167228590649e-04
3.371544167228590649e-04
2.861738150893923288e-04
3.371544167228590649e-04
2.697235333782872627e-04
0.000000000000000000e+00
3.371544167228590649e-04
9.207446589670560851e-04
1.211113898156348763e-03
3.371544167228590649e-04
9.225826070633501340e-04
1.123848055742863685e-04
8.771814862292233233e-04
2.247696111485727370e-04
1.685772083614295324e-04
3.371544167228590649e-04
3.371544167228590649e-04
3.371544167228591191e-04
3.371544167228590649e-04
3.371544167228590649e-04
7.866936390200046474e-04
2.107215104517869088e-04
3.371544167228591191e-04
1.470696506982680787e-04
3.371544167228590649e-04
0.000000000000000000e+00
0.000000000000000000e+00
0.000000000000000000e+00
3.371544167228590649e-04
1.140332534909364393e-03
1.622142945764784442e-03
3.371544167228590649e-04
4.383007417397167572e-03
6.695428890329458609e-04
3.514892670817975641e-04
3.371544167228591191e-04
3.371544167228590649e-04
0.000000000000000000e+00
1.348617666891436260e-03
2.522046259050099090e-04
3.371544167228590649e-04
3.371544167228590649e-04
2.738024866118989606e-04
3.371544167228590649e-04
3.371544167228590649e-04
3.208547851314900697e-04
3.371544167228590649e-04
1.873080092904772583e-04
3.371544167228590649e-04
1.880936922799257029e-04
2.408245833734707297e-04
3.371544167228590649e-04
6.145705259151861216e-04
3.371544167228590649e-04
2.528658125421443664e-04
2.247696111485727370e-04
3.371544167228590649e-04
7.866936390200046474e-04
3.371544167228590649e-04
3.371544167228590649e-04
1.685772083614295324e-04
9.225826070633501340e-04
6.994225041675535166e-04
3.371544167228590649e-04
1.024013171482557072e-04
3.371544167228590649e-04
8.159142236986357275e-04
3.371544167228591191e-04
8.777221693328739454e-04
3.371544167228590649e-04
6.743088334457181298e-04
3.371544167228590649e-04
2.247696111485727370e-04
1.872095550250997759e-04
3.371544167228590649e-04
3.371544167228590649e-04
3.731288109320134573e-04
3.371544167228590649e-04
3.371544167228590649e-04
3.371544167228590649e-04
3.371544167228590649e-04
2.950101146325016886e-04
3.371544167228591191e-04
3.371544167228590649e-04
3.371544167228590649e-04
3.371544167228590649e-04
3.371544167228590649e-04
3.371544167228590649e-04
3.371544167228590649e-04
3.371544167228590649e-04
1.205634781415882437e-04
4.537043573983160524e-04
3.371544167228590649e-04
2.452032121620793446e-04
0.000000000000000000e+00
3.371544167228590649e-04
3.371544167228590649e-04
0.000000000000000000e+00
3.371544167228590649e-04
3.371544167228590649e-04
8.449443032281658090e-04
1.123848055742863685e-04
1.685772083614295324e-04
8.625591156125439994e-04
3.371544167228590649e-04
0.000000000000000000e+00
3.371544167228590649e-04
3.371544167228590649e-04
3.396090582368719159e-04
6.743088334457181298e-04
3.034389750505731096e-04
3.371544167228590649e-04
3.371544167228590649e-04
3.371544167228590649e-04
4.169369447237490666e-04
3.371544167228590649e-04
3.371544167228590649e-04
3.586619743860205729e-04
4.537043573983160524e-04
3.371544167228590649e-04
2.950101146325016886e-04
3.371544167228590649e-04
0.000000000000000000e+00
8.919866351075132326e-04
0.000000000000000000e+00
3.371544167228590649e-04
3.371544167228590649e-04
3.371544167228590649e-04
3.371544167228590649e-04
3.371544167228590649e-04
5.057316250842886244e-04
7.866936390200046474e-04
0.000000000000000000e+00
3.685790585642325745e-04
3.371544167228590649e-04
6.743088334457181298e-04
3.371544167228590649e-04
4.537043573983160524e-04
3.371544167228590649e-04
3.371544167228591191e-04
3.371544167228590649e-04
0.000000000000000000e+00
3.371544167228590649e-04
3.371544167228590649e-04
3.371544167228590649e-04
1.205634781415882437e-04
2.408245833734707297e-04
3.371544167228590649e-04
3.371544167228590649e-04
5.438797008649556321e-04
5.057316250842886244e-04
3.685790585642325745e-04
3.034389750505731530e-03
4.537043573983159982e-04
2.247696111485727370e-04
2.528658125421443122e-04
3.371544167228590649e-04
6.351694608770385624e-04
3.371544167228590649e-04
3.371544167228590649e-04
3.371544167228590649e-04
3.371544167228590649e-04
3.371544167228590649e-04
3.371544167228590649e-04
6.743088334457181298e-04
4.537043573983160524e-04
2.792513279983440343e-04
1.333511207303147744e-04
2.602301423687726619e-04
7.866936390200046474e-04
3.371544167228590649e-04
2.742554712547738065e-04
3.371544167228590649e-04
3.833310382962189450e-04
3.371544167228590649e-04
3.371544167228590649e-04
0.000000000000000000e+00
3.120993288920269294e-04
3.371544167228590649e-04
4.495392222971454741e-04
1.348617666891436043e-04
2.981214488858666698e-04
3.371544167228590649e-04
3.371544167228591191e-04
0.000000000000000000e+00
2.408245833734707297e-04
3.371544167228590649e-04
3.371544167228590649e-04
3.371544167228590649e-04
3.228160449474180415e-04
1.685772083614295270e-03
3.371544167228590649e-04
1.880936922799257029e-04
2.206044760474021316e-04
3.371544167228590649e-04
1.685772083614295324e-04
3.371544167228590649e-04
3.371544167228590649e-04
3.371544167228590649e-04
2.772175152120918062e-04
0.000000000000000000e+00
4.000533621909443233e-04
3.854345883769609050e-04
0.000000000000000000e+00
1.264329062710721561e-04
3.371544167228590649e-04
3.371544167228590649e-04
3.371544167228590649e-04
0.000000000000000000e+00
3.371544167228590649e-04
2.247696111485727370e-04
1.685772083614295324e-04
1.348617666891436260e-03
3.371544167228590649e-04
4.175089673648763825e-04
3.371544167228590649e-04
0.000000000000000000e+00
0.000000000000000000e+00
3.371544167228590649e-04
1.872095550250997759e-04
1.622142945764784442e-03
2.022926500337154064e-04
3.371544167228590649e-04
2.517310781330783960e-04
3.371544167228590649e-04
0.000000000000000000e+00
3.371544167228590649e-04
4.537043573983160524e-04
2.247696111485727370e-04
3.371544167228590649e-04
3.371544167228590649e-04
3.053022097169401827e-04
3.371544167228590649e-04
3.371544167228590649e-04
2.996928148647636132e-04
3.371544167228590649e-04
3.371544167228590649e-04
4.862151411657923998e-04
3.371544167228590649e-04
8.428860418071476351e-04
3.371544167228590649e-04
3.371544167228590540e-03
3.371544167228590649e-04
0.000000000000000000e+00
2.772175152120918062e-04
0.000000000000000000e+00
2.415977957051024185e-04
3.708698583951449551e-03
3.371544167228590649e-04
3.371544167228590649e-04
3.371544167228590649e-04
3.371544167228590649e-04
3.371544167228590649e-04
1.685772083614295324e-04
2.408245833734707297e-04
3.371544167228590649e-04
3.371544167228590649e-04
2.247696111485727370e-04
3.371544167228590649e-04
7.194726116477874033e-04
6.743088334457181298e-04
3.371544167228590107e-04
1.685772083614295324e-04
2.697235333782872519e-03
4.134505682841931886e-04
4.537043573983160524e-04
2.697235333782872519e-03
1.685772083614295324e-04
1.685772083614295324e-04
1.082488993961758326e-03
4.134505682841931886e-04
0.000000000000000000e+00
0.000000000000000000e+00
3.371544167228590649e-04
3.371544167228590107e-04
3.371544167228590649e-04
3.557867633865293084e-04
0.000000000000000000e+00
1.685772083614295324e-04
1.685772083614295324e-04
3.371544167228590649e-04
0.000000000000000000e+00
3.371544167228590649e-04
1.011463250168577249e-03
8.341954957159214683e-04
1.915445998333502342e-04
3.371544167228590649e-04
3.371544167228590649e-04
3.371544167228590649e-04
5.619240278714318290e-04
3.371544167228590649e-04
3.371544167228590649e-04
3.371544167228590649e-04
2.861738150893923288e-04
3.371544167228590649e-04
3.371544167228590649e-04
3.371544167228590649e-04
3.371544167228590649e-04
3.853814051967029749e-04
2.022926500337154498e-03
0.000000000000000000e+00
3.371544167228590649e-04
1.685772083614295324e-04
3.371544167228590649e-04
3.371544167228590649e-04
2.247696111485727370e-04
2.809620139357159145e-04
3.371544167228590649e-04
0.000000000000000000e+00
2.247696111485727370e-04
3.371544167228590649e-04
3.371544167228590649e-04
3.371544167228590649e-04
0.000000000000000000e+00
1.304291325807624977e-04
5.728152408415438214e-04
1.603288483044223566e-03
1.685772083614295270e-03
3.371544167228590649e-04
3.371544167228590649e-04
3.371544167228590649e-04
2.247696111485727370e-04
5.057316250842886244e-04
1.348617666891436260e-03
6.994225041675535166e-04
3.371544167228590649e-04
3.371544167228590649e-04
3.371544167228590649e-04
1.619672781903052131e-04
3.371544167228590649e-04
3.371544167228590649e-04
6.743088334457181298e-04
0.000000000000000000e+00
2.528658125421443122e-04
2.528658125421443122e-04
0.000000000000000000e+00
1.123848055742863685e-04
8.428860418071476622e-05
3.507249409637504516e-04
3.371544167228590649e-04
0.000000000000000000e+00
2.247696111485727370e-04
3.371544167228590649e-04
6.743088334457181298e-04
0.000000000000000000e+00
0.000000000000000000e+00
3.120993288920269294e-04
6.743088334457181298e-04
3.371544167228590649e-04
2.247696111485727370e-04
3.371544167228590649e-04
4.000533621909443233e-04
8.159142236986357275e-04
3.371544167228590649e-04
0.000000000000000000e+00
3.887848804069762008e-04
4.169369447237490666e-04
3.371544167228590649e-04
3.371544167228590649e-04
2.452032121620793446e-04
3.371544167228590649e-04
4.175089673648763825e-04
3.848471776074868333e-04
2.408245833734707297e-04
0.000000000000000000e+00
7.866936390200046474e-04
3.371544167228590649e-04
5.438797008649556321e-04
3.034389750505731096e-04
6.743088334457181298e-04
1.685772083614295324e-04
3.371544167228590649e-04
6.699420392582556942e-04
3.371544167228590649e-04
1.348617666891436260e-03
3.371544167228590649e-04
3.371544167228590649e-04
3.371544167228590649e-04
3.371544167228590649e-04
3.371544167228590649e-04
3.371544167228590649e-04
6.743088334457181298e-04
0.000000000000000000e+00
3.371544167228590649e-04
3.371544167228590649e-04
4.116847789443257052e-04
2.408245833734707297e-04
3.371544167228590649e-04
3.371544167228590649e-04
4.090919971956625688e-04
3.159042234268231476e-04
3.371544167228590649e-04
3.159042234268231476e-04
3.371544167228590649e-04
3.371544167228590649e-04
3.371544167228590649e-04
3.371544167228590649e-04
3.371544167228590649e-04
2.697235333782872627e-04
0.000000000000000000e+00
3.371544167228590649e-04
0.000000000000000000e+00
5.619240278714318426e-05
0.000000000000000000e+00
3.371544167228590649e-04
0.000000000000000000e+00
4.134505682841930802e-04
1.236232861317150067e-03
4.395557338711147586e-04
2.408245833734707297e-04
0.000000000000000000e+00
3.371544167228590649e-04
3.371544167228590649e-04
0.000000000000000000e+00
3.371544167228590649e-04
0.000000000000000000e+00
0.000000000000000000e+00
9.964260615217886575e-04
3.371544167228591191e-04
4.045853000674308995e-03
1.685772083614295324e-04
1.123848055742863685e-04
3.371544167228590649e-04
3.371544167228591191e-04
3.371544167228590649e-04
3.371544167228590649e-04
1.123848055742863685e-04
3.371544167228590649e-04
3.371544167228590649e-04
1.128563779088842664e-03
0.000000000000000000e+00
3.371544167228590649e-04
3.371544167228590649e-04
3.371544167228590649e-04
3.371544167228590649e-04
0.000000000000000000e+00
3.887848804069762008e-04
1.966734097550011618e-04
3.371544167228590649e-04
3.371544167228590649e-04
1.123848055742863685e-04
3.371544167228590649e-04
6.743088334457181298e-04
6.514190509286098317e-04
1.966734097550011618e-04
1.685772083614295324e-04
3.371544167228590649e-04
3.853814051967029749e-04
3.371544167228590649e-04
7.866936390200046474e-04
6.514190509286098317e-04
3.371544167228590649e-04
5.934550011570697767e-04
3.371544167228590649e-04
5.610931532914635372e-04
3.371544167228590649e-04
3.371544167228590649e-04
4.122704741897896021e-04
0.000000000000000000e+00
2.247696111485727370e-04
3.708698583951449551e-03
1.685772083614295324e-04
0.000000000000000000e+00
1.685772083614295324e-04
3.371544167228590649e-04
3.371544167228590649e-04
3.371544167228590649e-04
3.371544167228590649e-04
3.371544167228590649e-04
3.371544167228590649e-04
3.371544167228590649e-04
3.371544167228590649e-04
0.000000000000000000e+00
3.371544167228590649e-04
3.371544167228590649e-04
3.371544167228590649e-04
3.731288109320134573e-04
6.743088334457181298e-04
6.514190509286098317e-04
2.247696111485727370e-04
3.371544167228590649e-04
6.743088334457181298e-04
2.546189181317855721e-04
1.123848055742863685e-04
1.123848055742863685e-04
1.123848055742863685e-04
2.981214488858666698e-04
3.371544167228590649e-04
3.371544167228590649e-04
3.371544167228590649e-04
3.371544167228590649e-04
2.206044760474021316e-04
1.685772083614295324e-04
3.371544167228590649e-04
3.371544167228590649e-04
3.371544167228590649e-04
1.024013171482557072e-04
2.452032121620793446e-04
3.371544167228590649e-04
0.000000000000000000e+00
0.000000000000000000e+00
1.685772083614295324e-04
1.685772083614295270e-03
3.371544167228590649e-04
3.094189167856317290e-04
2.247696111485727370e-04
3.371544167228590649e-04
2.522046259050099090e-04
3.371544167228590649e-04
3.120993288920269294e-04
0.000000000000000000e+00
0.000000000000000000e+00
3.034389750505731096e-04
3.203757305427631864e-04
3.371544167228590649e-04
3.371544167228590649e-04
3.371544167228590649e-04
3.371544167228590649e-04
2.330998813509139208e-04
3.371544167228590649e-04
3.371544167228591191e-04
3.371544167228590649e-04
2.408245833734707297e-04
1.685772083614295324e-04
3.371544167228590649e-04
3.371544167228590649e-04
3.371544167228590649e-04
3.371544167228590649e-04
0.000000000000000000e+00
3.371544167228590649e-04
3.152243496212531887e-04
3.371544167228590649e-04
3.371544167228591191e-04
1.011463250168577249e-03
1.685772083614295270e-03
2.038032959925442904e-04
1.348617666891436260e-03
4.094506567054327141e-04
2.408245833734707297e-04
4.429505785667353255e-04
8.569694703328714592e-05
5.682008087873509361e-04
3.371544167228590649e-04
1.685772083614295324e-04
5.299149013724070885e-04
3.034389750505731096e-04
1.685772083614295324e-04
4.027405749185623113e-04
3.371544167228590649e-04
6.743088334457181298e-04
2.528658125421443122e-04
3.371544167228590649e-04
3.371544167228590649e-04
3.371544167228590649e-04
3.371544167228590649e-04
3.371544167228590649e-04
8.328097406225293438e-04
2.074796410602209630e-04
1.685772083614295270e-03
5.744194331749435641e-04
4.684958156070239007e-04
3.371544167228590649e-04
2.222518678838579574e-04
1.838370633728350916e-04
3.371544167228590649e-04
3.371544167228590649e-04
1.705623279573967245e-04
3.371544167228590649e-04
3.371544167228590649e-04
3.371544167228590649e-04
1.040139993719459187e-03
3.371544167228590649e-04
2.408245833734707297e-04
6.743088334457181298e-04
2.247696111485727370e-04
0.000000000000000000e+00
3.301521257244618263e-04
3.371544167228590649e-04
3.371544167228590649e-04
3.371544167228590649e-04
0.000000000000000000e+00
3.371544167228590649e-04
2.247696111485727370e-04
2.247696111485727370e-04
4.753962062581764997e-04
1.143143739384329480e-03
3.371544167228590649e-04
3.371544167228590649e-04
3.371544167228590649e-04
4.074782537558052859e-04
3.034389750505731530e-03
3.371544167228590649e-04
3.371544167228590649e-04
3.371544167228590649e-04
3.371544167228590649e-04
3.371544167228590649e-04
8.084760649602286322e-04
3.371544167228590649e-04
3.371544167228590649e-04
3.371544167228590649e-04
3.371544167228590649e-04
2.022926500337154498e-03
6.514190509286098317e-04
3.371544167228590649e-04
1.115703437448024209e-03
3.371544167228590649e-04
5.438797008649556321e-04
3.371544167228590649e-04
4.008588307346968834e-04
3.371544167228590649e-04
3.371544167228590649e-04
3.371544167228590649e-04
2.772175152120918062e-04
3.371544167228590649e-04
1.872095550250997759e-04
3.371544167228590649e-04
3.371544167228590649e-04
3.371544167228590649e-04
3.371544167228590649e-04
3.371544167228590649e-04
3.371544167228590649e-04
3.371544167228590649e-04
1.685772083614295324e-04
3.034389750505731096e-04
4.549133525719357171e-04
3.034389750505731096e-04
1.685772083614295270e-03
0.000000000000000000e+00
3.371544167228590649e-04
3.371544167228590649e-04
8.569694703328714592e-05
6.994225041675535166e-04
0.000000000000000000e+00
6.514190509286098317e-04
3.887848804069762008e-04
3.887848804069762008e-04
5.000683890784449149e-04
3.371544167228590649e-04
3.371544167228590649e-04
4.175089673648763825e-04
3.371544167228590649e-04
3.976379891518787876e-04
3.371544167228590649e-04
3.371544167228590649e-04
3.371544167228590649e-04
3.371544167228590649e-04
3.371544167228591191e-04
4.134505682841931886e-04
0.000000000000000000e+00
7.866936390200046474e-04
0.000000000000000000e+00
2.772175152120918062e-04
0.000000000000000000e+00
3.371544167228590649e-04
2.408245833734707297e-04
3.371544167228590649e-04
5.888854948559376235e-04
3.371544167228590649e-04
3.034389750505731096e-04
1.348617666891436260e-03
