2.605135839225902489e-03
0.000000000000000000e+00
3.721622627465575217e-04
7.443245254931150435e-04
3.721622627465575217e-04
1.860811313732787609e-04
2.213317042669504071e-04
3.721622627465575217e-04
1.116486788239672403e-03
5.954596203944920348e-03
3.721622627465575217e-04
1.488649050986229924e-04
3.721622627465575217e-04
2.883177973392247128e-04
3.721622627465575217e-04
2.421108166108422856e-04
3.721622627465575217e-04
0.000000000000000000e+00
0.000000000000000000e+00
0.000000000000000000e+00
2.232973576479344805e-03
4.101671619372355580e-04
3.189962252113349799e-04
3.721622627465575217e-04
0.000000000000000000e+00
3.721622627465575109e-03
2.232973576479345022e-04
4.093784890212132793e-03
1.488649050986230087e-03
3.721622627465575217e-04
3.721622627465575217e-04
3.721622627465575217e-04
3.721622627465575217e-04
3.721622627465575217e-04
0.000000000000000000e+00
3.721622627465575217e-04
3.349460364719017424e-03
1.116486788239672403e-03
3.179694467959444035e-04
1.219132146351550828e-03
1.573483482844076603e-04
7.443245254931150435e-04
3.721622627465575217e-04
3.721622627465575217e-04
1.997787128986897173e-04
3.721622627465575217e-04
3.179694467959444035e-04
1.931916267745083530e-04
3.721622627465575217e-04
3.721622627465575217e-04
2.421108166108422856e-04
2.848383464788321016e-04
1.860811313732787609e-04
3.721622627465575217e-04
3.721622627465575217e-04
2.126641501408900047e-04
3.721622627465575217e-04
3.721622627465575217e-04
1.116486788239672403e-03
3.315771693365219641e-04
3.721622627465575217e-04
1.860811313732787609e-04
3.721622627465575217e-04
2.029975978617586433e-04
1.937800022370557602e-04
1.860811313732787609e-04
0.000000000000000000e+00
3.721622627465575217e-04
2.883177973392247128e-04
1.063320750704450023e-04
0.000000000000000000e+00
3.721622627465575217e-04
1.691646648847988784e-04
3.721622627465575217e-04
3.721622627465575217e-04
7.443245254931150435e-04
2.977298101972460174e-03
0.000000000000000000e+00
2.977298101972460174e-03
3.306860776517966255e-04
3.210512171408279824e-04
3.721622627465575217e-04
3.721622627465575217e-04
3.721622627465575217e-04
3.721622627465575217e-04
2.810568333378772338e-04
1.860811313732787554e-03
3.721622627465575217e-04
3.721622627465575217e-04
3.721622627465575217e-04
3.721622627465575109e-03
3.721622627465575217e-04
1.860811313732787609e-04
5.998253520809248640e-04
5.990266636672461663e-04
1.339784145887606970e-02
3.721622627465575217e-04
2.791216970599181548e-04
7.443245254931149350e-04
1.096899226258856840e-03
3.721622627465575217e-04
3.721622627465575217e-04
0.000000000000000000e+00
3.721622627465575217e-04
3.721622627465575217e-04
1.534798129505847647e-04
1.931916267745083530e-04
1.130339808938319522e-04
0.000000000000000000e+00
1.860811313732787609e-04
1.488649050986230087e-03
1.116486788239672403e-03
3.721622627465575217e-04
3.721622627465575217e-04
3.721622627465575217e-04
3.721622627465575217e-04
4.777785906199608621e-04
2.791216970599181548e-04
3.721622627465575759e-04
0.000000000000000000e+00
3.721622627465575217e-04
1.734019281809536211e-04
1.860811313732788151e-04
3.721622627465575217e-04
1.860811313732787609e-04
3.721622627465575217e-04
3.721622627465575217e-04
7.443245254931150435e-04
2.481081751643716992e-04
7.443245254931150435e-04
2.883177973392247128e-04
3.721622627465575217e-04
5.210271678451804979e-03
2.232973576479345022e-04
3.721622627465575217e-04
3.721622627465575217e-04
0.000000000000000000e+00
3.721622627465575217e-04
3.721622627465575217e-04
7.443245254931150435e-04
4.777785906199608621e-04
3.721622627465575217e-04
2.938123126946506750e-04
3.721622627465575217e-04
3.721622627465575217e-04
0.000000000000000000e+00
4.838109415705247295e-03
3.721622627465575217e-04
3.721622627465575217e-04
3.721622627465575217e-04
3.721622627465575217e-04
3.721622627465575217e-04
3.290981229525697825e-04
3.721622627465575217e-04
2.938123126946506750e-04
3.721622627465575217e-04
2.791216970599181548e-04
1.116486788239672403e-03
3.721622627465575217e-04
3.721622627465575217e-04
3.522443342384785122e-04
3.721622627465575217e-04
3.721622627465575217e-04
3.721622627465575217e-04
3.721622627465575217e-04
1.860811313732787609e-04
9.304056568663938043e-05
2.481081751643716992e-04
1.279137335507908363e-04
3.721622627465575217e-04
3.721622627465575217e-04
0.000000000000000000e+00
7.443245254931149350e-04
3.721622627465575217e-04
0.000000000000000000e+00
3.101352189554646105e-04
2.481081751643716992e-04
2.481081751643716992e-04
3.721622627465575217e-04
2.977298101972460174e-03
3.232280894621596882e-04
3.721622627465575217e-04
3.721622627465574675e-04
2.026112914058095867e-04
2.683502249158429935e-04
2.580671394184112311e-04
2.232973576479345022e-04
3.721622627465575217e-04
1.860811313732787554e-03
7.443245254931150435e-04
2.481081751643716992e-04
3.721622627465575217e-04
3.721622627465575217e-04
1.488649050986230087e-03
2.213317042669504071e-04
3.721622627465575217e-04
1.488649050986230087e-03
3.721622627465575217e-04
3.721622627465575217e-04
1.063320750704450023e-04
0.000000000000000000e+00
0.000000000000000000e+00
6.003525094028502656e-04
1.300514461357152091e-04
0.000000000000000000e+00
1.860811313732787609e-04
1.860811313732787609e-04
1.300514461357152091e-04
3.721622627465575217e-04
1.300514461357152091e-04
1.300514461357152091e-04
3.721622627465575217e-04
3.721622627465575217e-04
3.721622627465575217e-04
3.721622627465575217e-04
6.176836664706663628e-04
3.721622627465575217e-04
0.000000000000000000e+00
3.721622627465575217e-04
3.721622627465575217e-04
7.443245254931150435e-04
3.721622627465575217e-04
3.721622627465575217e-04
2.791216970599181548e-04
5.448810376504436247e-04
3.721622627465575217e-04
1.937800022370557602e-04
2.977298101972460174e-03
3.721622627465575217e-04
3.230964614705230742e-04
4.122120893450364858e-04
3.721622627465575217e-04
3.230964614705230742e-04
3.721622627465575217e-04
3.918841970787269313e-04
3.721622627465575217e-04
3.721622627465575217e-04
3.721622627465575217e-04
3.721622627465575217e-04
1.063320750704450023e-04
3.721622627465575217e-04
3.721622627465575217e-04
8.683786130753008660e-04
5.582433941198363097e-04
3.721622627465575217e-04
3.721622627465575217e-04
3.721622627465575217e-04
3.721622627465575217e-04
1.116486788239672403e-03
3.721622627465575217e-04
0.000000000000000000e+00
5.367004498316859870e-04
2.683502249158429935e-04
2.213317042669504071e-04
1.300514461357152091e-04
1.488649050986229924e-04
2.977298101972460174e-03
3.721622627465575217e-04
5.987342292581331656e-04
3.721622627465575217e-04
0.000000000000000000e+00
3.721622627465574675e-04
2.213317042669504071e-04
0.000000000000000000e+00
3.230964614705230742e-04
2.810568333378772338e-04
2.481081751643716992e-04
3.721622627465575217e-04
3.721622627465575217e-04
6.322925211522214314e-04
1.116486788239672403e-03
1.860811313732787554e-03
7.443245254931150435e-04
6.326758466691477165e-03
1.116486788239672403e-03
3.721622627465575217e-04
3.721622627465575217e-04
4.588636089841761304e-04
4.417620628285906948e-04
0.000000000000000000e+00
2.481081751643716992e-04
3.721622627465575217e-04
2.481081751643716992e-04
3.721622627465575217e-04
3.721622627465575217e-04
2.421108166108422856e-04
3.721622627465575217e-04
1.488649050986230087e-03
1.240540875821858496e-04
4.328884120009715130e-04
3.721622627465575217e-04
3.721622627465575217e-04
1.240540875821858496e-04
1.300514461357152091e-04
3.721622627465575217e-04
3.721622627465575217e-04
3.721622627465575217e-04
0.000000000000000000e+00
3.721622627465575217e-04
3.721622627465575759e-04
3.721622627465575217e-04
1.860811313732787609e-04
3.306860776517966255e-04
3.101352189554646105e-04
3.721622627465575217e-04
3.721622627465575217e-04
3.721622627465575217e-04
3.721622627465575217e-04
1.860811313732787609e-04
1.240540875821858496e-04
1.488649050986230087e-03
3.721622627465575217e-04
3.316214931999338436e-04
3.349460364719017424e-03
4.380418132982358270e-03
0.000000000000000000e+00
3.560473019582741550e-04
9.304056568663938043e-05
4.119406642059328383e-04
0.000000000000000000e+00
3.721622627465575217e-04
3.721622627465575217e-04
2.029975978617586433e-04
7.443245254931150435e-04
3.721622627465575217e-04
1.937800022370557602e-04
1.860811313732787609e-04
2.848383464788321016e-04
3.721622627465575217e-04
1.116486788239672403e-03
3.721622627465575217e-04
3.721622627465574675e-04
1.173534678887795538e-03
3.721622627465575217e-04
3.721622627465575217e-04
3.721622627465575217e-04
4.499297178369084126e-04
3.306860776517966255e-04
3.721622627465575217e-04
3.721622627465575217e-04
1.860811313732787609e-04
3.179694467959444035e-04
6.322925211522214314e-04
0.000000000000000000e+00
3.721622627465575759e-04
2.481081751643716992e-04
2.977298101972460174e-03
3.721622627465575217e-04
2.623790747602812207e-04
3.721622627465575217e-04
1.488649050986229924e-04
1.116486788239672403e-03
3.487709283396164253e-04
3.721622627465575217e-04
3.721622627465575217e-04
3.721622627465575217e-04
3.721622627465575217e-04
7.443245254931150435e-04
9.689105305081032859e-04
7.443245254931150435e-04
2.613371628154973533e-04
1.300514461357152091e-04
1.164831670604522259e-04
3.721622627465575217e-04
9.304056568663938043e-05
2.791216970599181548e-04
3.349460364719017424e-03
0.000000000000000000e+00
3.721622627465575217e-04
3.721622627465575217e-04
3.721622627465575217e-04
3.721622627465575217e-04
7.443245254931150435e-04
2.481081751643716992e-04
3.721622627465575217e-04
1.116486788239672403e-03
2.232973576479344805e-03
3.721622627465575217e-04
6.555183325209699681e-04
3.316214931999338436e-04
3.721622627465575217e-04
1.860811313732787338e-04
3.266095480422174049e-04
2.213317042669504071e-04
3.721622627465575217e-04
3.721622627465575217e-04
3.721622627465575217e-04
2.421108166108422856e-04
3.721622627465575217e-04
3.721622627465575217e-04
3.721622627465575217e-04
1.931916267745083530e-04
2.168513733326211663e-04
3.721622627465575217e-04
3.721622627465575217e-04
0.000000000000000000e+00
3.645778272134471442e-04
1.488649050986229924e-04
3.306860776517966255e-04
3.721622627465575217e-04
3.721622627465575217e-04
1.488649050986229924e-04
0.000000000000000000e+00
3.721622627465575217e-04
3.721622627465575217e-04
3.721622627465575217e-04
0.000000000000000000e+00
3.721622627465575759e-04
2.955297058118827851e-04
2.893057190144067252e-04
2.029975978617586433e-04
0.000000000000000000e+00
3.721622627465575217e-04
3.721622627465575217e-04
3.721622627465575217e-04
4.196437782128298235e-04
3.721622627465575217e-04
3.306860776517966255e-04
2.977298101972460391e-04
2.791216970599181548e-04
3.721622627465575217e-04
2.605135839225902164e-04
2.883177973392247128e-04
3.721622627465575217e-04
3.721622627465575217e-04
3.721622627465575217e-04
1.860811313732787609e-04
2.213317042669504071e-04
3.349460364719017424e-03
6.322925211522214314e-04
9.304056568663938043e-05
4.328884120009715130e-04
1.860811313732787609e-04
0.000000000000000000e+00
3.721622627465575217e-04
1.038120378307144876e-04
3.721622627465575217e-04
3.721622627465575759e-04
5.136188190234217566e-04
1.860811313732787609e-04
0.000000000000000000e+00
3.721622627465575217e-04
3.721622627465575217e-04
3.721622627465575217e-04
3.721622627465575217e-04
0.000000000000000000e+00
3.224897179561683346e-04
3.721622627465575217e-04
2.421108166108422856e-04
3.721622627465575217e-04
3.721622627465575217e-04
0.000000000000000000e+00
0.000000000000000000e+00
0.000000000000000000e+00
3.721622627465575217e-04
2.240166048232571290e-04
1.860811313732788151e-04
2.791216970599181548e-04
1.736757226150601623e-04
3.721622627465574675e-04
0.000000000000000000e+00
5.806816224432434243e-04
2.791216970599181548e-04
7.530805380650028649e-04
1.240540875821858496e-04
3.721622627465575217e-04
5.367004498316859870e-04
3.721622627465575217e-04
3.101352189554646105e-04
1.721318642276181623e-04
3.721622627465575217e-04
2.258147227615636145e-04
1.654054501095811238e-04
3.721622627465575217e-04
1.161343252307524927e-03
5.444150743382493397e-04
6.003525094028502656e-04
2.547098161379727317e-04
1.860811313732787609e-04
2.938123126946506750e-04
3.721622627465575217e-04
3.829275104316557385e-04
0.000000000000000000e+00
2.026112914058095867e-04
7.443245254931150435e-04
3.721622627465575217e-04
3.721622627465574675e-04
3.721622627465575217e-04
0.000000000000000000e+00
1.860811313732787880e-04
1.860811313732787609e-04
3.721622627465575217e-04
2.883177973392247128e-04
1.931916267745083530e-04
3.721622627465575217e-04
0.000000000000000000e+00
3.721622627465575217e-04
1.719131297541630539e-04
0.000000000000000000e+00
4.253968171988911076e-04
3.721622627465575217e-04
2.893057190144067252e-04
9.304056568663938043e-05
1.116486788239672403e-03
3.721622627465575217e-04
3.721622627465575217e-04
3.721622627465575217e-04
3.721622627465575217e-04
3.721622627465575217e-04
2.893057190144067252e-04
0.000000000000000000e+00
1.488649050986230087e-03
1.488649050986230087e-03
3.306860776517966255e-04
2.605135839225902489e-03
3.721622627465575217e-04
1.163007071082992222e-04
1.860811313732787609e-04
3.721622627465575217e-04
2.323023262306605271e-04
6.550753753002860457e-04
3.721622627465575217e-04
4.588636089841761304e-04
3.471374688584041076e-04
1.116486788239672403e-03
5.367004498316859870e-04
3.721622627465575217e-04
3.721622627465575217e-04
3.721622627465575217e-04
0.000000000000000000e+00
2.168513733326211663e-04
3.721622627465575217e-04
0.000000000000000000e+00
0.000000000000000000e+00
9.633762225782579623e-04
3.721622627465575217e-04
2.977298101972460174e-03
3.721622627465575759e-04
3.721622627465575217e-04
3.721622627465575217e-04
1.488649050986229924e-04
3.241715907164692805e-04
2.927883368398035433e-04
3.721622627465575217e-04
3.951968897038600666e-04
5.367004498316859870e-04
3.189962252113349799e-04
0.000000000000000000e+00
0.000000000000000000e+00
3.721622627465575217e-04
3.721622627465575217e-04
3.721622627465575217e-04
3.721622627465575217e-04
2.646892326396518727e-04
3.721622627465575217e-04
2.421108166108422856e-04
3.721622627465575217e-04
2.481081751643716992e-04
3.721622627465575217e-04
3.721622627465575217e-04
3.721622627465575217e-04
1.953411505716846767e-04
0.000000000000000000e+00
1.488649050986229924e-04
4.253968171988911076e-04
4.328884120009715130e-04
2.977298101972460391e-04
1.860811313732787609e-04
3.721622627465575217e-04
2.791216970599181548e-04
1.143300322763076988e-03
1.860811313732787609e-04
3.721622627465575217e-04
3.721622627465575217e-04
6.405124876624006779e-04
1.860811313732787609e-04
2.481081751643716992e-04
3.349460364719017424e-03
1.250151883852671300e-03
0.000000000000000000e+00
1.488649050986229924e-04
3.230964614705230742e-04
7.443245254931150435e-04
2.977298101972460174e-03
3.721622627465575217e-04
0.000000000000000000e+00
1.860811313732787609e-04
0.000000000000000000e+00
3.721622627465575217e-04
9.304056568663938043e-05
0.000000000000000000e+00
9.304056568663938043e-05
3.721622627465575217e-04
3.721622627465575217e-04
3.721622627465575217e-04
2.481081751643716992e-04
2.029975978617586433e-04
3.721622627465575217e-04
3.721622627465575217e-04
0.000000000000000000e+00
3.306860776517966255e-04
0.000000000000000000e+00
1.860811313732787609e-04
1.332729674365771449e-04
3.721622627465575217e-04
4.328884120009715130e-04
3.721622627465575217e-04
2.481081751643716992e-04
3.721622627465575217e-04
3.721622627465575217e-04
5.367004498316859870e-04
3.721622627465575217e-04
2.453290063801721833e-04
1.860811313732787609e-04
4.458713591621743131e-04
3.721622627465575217e-04
3.721622627465575217e-04
7.443245254931150435e-04
5.316603753522250117e-05
7.443245254931150435e-04
4.417620628285906948e-04
1.439720160902648049e-04
0.000000000000000000e+00
3.721622627465575217e-04
3.721622627465575217e-04
2.213317042669504071e-04
2.909920759264862438e-04
3.721622627465575217e-04
3.721622627465575217e-04
3.721622627465575217e-04
0.000000000000000000e+00
3.721622627465575217e-04
3.721622627465575217e-04
3.721622627465575217e-04
2.658301876761124923e-04
1.860811313732787609e-04
3.721622627465575217e-04
1.488649050986230087e-03
2.955297058118827851e-04
3.721622627465575217e-04
1.163007071082992222e-04
3.721622627465575217e-04
3.721622627465575217e-04
2.481081751643716992e-04
3.721622627465575217e-04
3.721622627465575217e-04
3.721622627465575217e-04
1.240540875821858496e-04
2.791216970599181548e-04
2.232973576479345022e-04
1.243628926876480393e-03
0.000000000000000000e+00
0.000000000000000000e+00
1.116486788239672403e-03
0.000000000000000000e+00
3.721622627465575217e-04
1.240540875821858496e-04
1.163007071082992222e-04
0.000000000000000000e+00
1.860811313732787609e-04
1.305033146442846495e-03
1.116486788239672403e-03
2.232973576479345022e-04
1.488649050986230087e-03
3.721622627465575217e-04
3.721622627465575217e-04
4.122120893450364858e-04
3.721622627465575217e-04
3.721622627465575217e-04
1.456258262415392572e-03
7.443245254931150435e-04
5.367004498316859870e-04
0.000000000000000000e+00
0.000000000000000000e+00
3.721622627465575217e-04
7.443245254931150435e-04
2.513702455644283842e-04
1.860811313732787609e-04
2.883177973392247128e-04
3.721622627465575217e-04
3.721622627465575217e-04
0.000000000000000000e+00
3.721622627465575217e-04
3.721622627465575217e-04
1.860811313732787609e-04
3.560473019582741550e-04
3.721622627465575217e-04
3.721622627465575759e-04
3.721622627465575217e-04
2.909920759264862438e-04
1.240540875821858496e-04
2.791216970599181548e-04
3.306860776517966255e-04
3.306860776517966255e-04
3.306860776517966255e-04
3.721622627465575217e-04
3.721622627465575217e-04
7.443245254931150435e-04
3.721622627465575217e-04
4.122120893450364858e-04
4.122120893450364858e-04
1.240540875821858496e-04
3.721622627465575217e-04
1.860811313732787609e-04
3.721622627465575217e-04
2.977298101972460174e-03
9.194853509098922318e-04
3.721622627465575217e-04
3.721622627465575217e-04
3.911647123418965670e-04
0.000000000000000000e+00
7.443245254931150435e-04
0.000000000000000000e+00
3.721622627465575217e-04
5.448810376504436247e-04
3.721622627465575217e-04
9.304056568663938043e-05
2.481081751643716992e-04
3.721622627465575217e-04
0.000000000000000000e+00
1.488649050986230087e-03
3.721622627465575217e-04
0.000000000000000000e+00
3.721622627465575217e-04
1.116486788239672403e-03
5.815964107581414553e-04
3.172195796047900932e-04
3.721622627465575217e-04
2.126641501408900047e-04
4.126463622495002729e-04
1.860811313732787609e-04
3.721622627465575217e-04
3.721622627465575217e-04
3.721622627465575217e-04
1.860811313732787609e-04
0.000000000000000000e+00
3.721622627465575217e-04
1.860811313732787609e-04
3.721622627465575217e-04
3.721622627465575217e-04
3.721622627465575217e-04
3.306860776517966255e-04
2.938123126946506750e-04
0.000000000000000000e+00
1.860811313732787609e-04
3.721622627465575217e-04
1.116486788239672403e-03
3.721622627465575759e-04
3.721622627465575217e-04
3.721622627465575217e-04
3.189962252113349799e-04
0.000000000000000000e+00
2.481081751643716992e-04
3.721622627465575217e-04
2.791216970599181548e-04
3.721622627465575217e-04
3.721622627465575217e-04
3.721622627465575217e-04
3.721622627465575217e-04
1.860811313732787609e-04
3.721622627465575217e-04
2.232973576479344805e-03
1.600297729810197175e-02
2.938123126946506750e-04
3.721622627465575217e-04
3.230964614705230742e-04
2.955297058118827851e-04
1.937800022370557602e-04
1.860811313732787338e-04
2.955297058118827851e-04
2.955297058118827851e-04
3.721622627465575217e-04
0.000000000000000000e+00
3.721622627465575217e-04
2.232973576479345022e-04
7.443245254931150435e-04
0.000000000000000000e+00
4.563804933125854336e-04
0.000000000000000000e+00
3.721622627465575217e-04
3.721622627465575217e-04
2.938123126946506750e-04
3.721622627465575217e-04
3.721622627465575217e-04
3.721622627465575217e-04
2.893057190144067252e-04
3.721622627465575217e-04
7.443245254931150435e-04
3.721622627465575217e-04
3.721622627465575217e-04
5.210271678451804979e-03
0.000000000000000000e+00
5.018706562042817400e-04
3.721622627465575217e-04
0.000000000000000000e+00
3.721622627465575217e-04
3.721622627465575217e-04
1.488649050986229924e-04
3.721622627465575217e-04
3.721622627465575217e-04
3.721622627465575217e-04
1.937800022370557602e-04
3.721622627465575217e-04
1.860811313732787609e-04
2.339875771078780411e-04
3.721622627465575217e-04
0.000000000000000000e+00
3.721622627465575217e-04
3.315771693365218557e-04
0.000000000000000000e+00
3.077034632459654502e-04
1.860811313732787554e-03
3.721622627465575217e-04
1.860811313732787609e-04
3.721622627465575217e-04
3.721622627465575217e-04
3.721622627465575217e-04
0.000000000000000000e+00
0.000000000000000000e+00
3.721622627465575217e-04
3.721622627465575217e-04
3.721622627465575217e-04
3.721622627465575217e-04
3.721622627465575217e-04
3.721622627465575217e-04
1.116486788239672403e-03
3.721622627465575217e-04
1.001771415527306398e-03
0.000000000000000000e+00
3.721622627465575217e-04
1.488649050986229924e-04
0.000000000000000000e+00
3.721622627465575217e-04
1.116486788239672403e-03
3.721622627465575759e-04
2.977298101972459849e-04
4.119406642059328383e-04
3.746230551346974068e-04
3.721622627465575217e-04
5.796493991403598757e-04
1.677407321693392744e-03
3.721622627465575217e-04
3.721622627465575217e-04
3.721622627465575217e-04
1.439720160902648320e-04
3.721622627465575217e-04
3.721622627465575217e-04
2.481081751643716992e-04
8.015832860705424980e-04
2.791216970599181548e-04
7.443245254931150435e-04
1.816892739880283795e-04
0.000000000000000000e+00
2.883177973392247128e-04
1.860811313732787609e-04
3.721622627465575217e-04
1.860811313732787609e-04
0.000000000000000000e+00
4.660780763857570730e-04
3.721622627465575217e-04
1.332729674365771178e-04
3.721622627465575217e-04
1.860811313732787609e-04
3.721622627465575217e-04
3.721622627465575217e-04
5.838230889107079219e-04
0.000000000000000000e+00
3.721622627465575217e-04
3.721622627465575217e-04
1.116486788239672403e-03
3.721622627465575217e-04
3.721622627465575217e-04
3.721622627465575217e-04
3.721622627465575759e-04
3.721622627465575217e-04
0.000000000000000000e+00
3.721622627465575217e-04
1.974375121558791084e-04
2.232973576479345022e-04
1.860811313732787609e-04
3.256419799032378654e-04
3.721622627465575217e-04
1.931916267745083530e-04
3.721622627465575217e-04
3.721622627465575217e-04
3.721622627465575217e-04
3.721622627465575217e-04
2.197687847263951253e-04
3.721622627465575217e-04
2.893057190144067252e-04
3.721622627465575217e-04
5.316603753522250117e-05
1.488649050986230087e-03
3.721622627465575217e-04
3.721622627465575217e-04
2.791216970599181548e-04
3.721622627465575217e-04
3.721622627465575217e-04
3.721622627465575217e-04
0.000000000000000000e+00
2.417280653578008775e-04
3.721622627465575217e-04
1.164831670604522259e-04
0.000000000000000000e+00
2.883177973392247128e-04
2.029975978617586433e-04
3.471277129229892781e-04
3.721622627465575217e-04
3.721622627465575217e-04
3.799028078583938377e-04
1.860811313732788151e-04
3.721622627465575217e-04
2.893057190144067252e-04
1.163007071082992222e-04
5.790387545780433139e-04
0.000000000000000000e+00
3.721622627465575217e-04
3.721622627465575217e-04
7.443245254931150435e-04
3.721622627465575217e-04
1.164831670604522259e-04
3.746230551346974068e-04
4.328884120009715130e-04
3.721622627465575217e-04
0.000000000000000000e+00
3.721622627465575217e-04
3.721622627465575217e-04
2.481081751643716992e-04
4.328884120009715130e-04
2.232973576479345022e-04
5.582433941198363097e-04
2.481081751643716992e-04
0.000000000000000000e+00
9.304056568663938043e-05
3.721622627465575759e-04
0.000000000000000000e+00
3.721622627465575217e-04
3.189962252113349799e-04
3.721622627465575217e-04
3.721622627465575217e-04
1.860811313732787609e-04
0.000000000000000000e+00
3.721622627465575217e-04
3.189962252113349799e-04
3.721622627465575217e-04
3.721622627465575217e-04
2.893057190144067252e-04
3.721622627465575217e-04
3.560473019582741550e-04
1.937800022370557602e-04
3.721622627465575217e-04
1.860811313732787609e-04
3.721622627465575217e-04
3.721622627465575217e-04
2.893057190144067252e-04
1.860811313732787338e-04
0.000000000000000000e+00
3.721622627465575217e-04
3.721622627465575217e-04
2.008671215073468271e-04
9.304056568663938043e-05
2.580671394184112311e-04
9.304056568663938043e-05
0.000000000000000000e+00
3.721622627465575759e-04
3.721622627465575217e-04
3.721622627465575217e-04
2.481081751643716450e-04
3.721622627465575217e-04
3.721622627465575217e-04
4.122120893450364858e-04
9.916178167597635307e-04
3.721622627465575217e-04
3.721622627465575217e-04
2.481081751643716992e-04
2.388892953099803769e-04
3.721622627465575217e-04
3.721622627465575217e-04
3.721622627465575217e-04
3.721622627465575217e-04
2.810568333378772338e-04
3.721622627465575217e-04
2.810568333378772338e-04
3.721622627465575217e-04
3.721622627465575217e-04
3.721622627465575217e-04
3.721622627465575217e-04
3.829275104316557385e-04
3.721622627465575217e-04
3.721622627465575217e-04
3.829275104316557385e-04
5.971271216650116467e-04
0.000000000000000000e+00
2.977298101972459849e-04
3.721622627465575217e-04
3.721622627465575217e-04
2.829131125537285240e-04
0.000000000000000000e+00
3.172195796047900932e-04
1.931916267745083530e-04
3.721622627465575217e-04
3.721622627465575217e-04
1.860811313732787609e-04
3.721622627465575217e-04
0.000000000000000000e+00
1.693751590030933630e-04
2.388892953099803769e-04
3.721622627465575217e-04
2.481081751643716992e-04
6.003525094028502656e-04
1.250151883852671300e-03
1.860811313732787609e-04
7.443245254931150435e-04
3.179694467959444035e-04
3.721622627465575217e-04
3.721622627465575217e-04
5.367004498316859870e-04
3.721622627465575217e-04
3.172195796047900932e-04
3.721622627465575217e-04
3.721622627465575217e-04
3.721622627465575217e-04
1.860811313732787609e-04
3.721622627465575217e-04
0.000000000000000000e+00
3.721622627465575217e-04
1.130339808938319522e-04
2.813072031478994445e-04
3.306860776517966255e-04
3.721622627465575217e-04
3.721622627465575217e-04
3.721622627465575217e-04
0.000000000000000000e+00
1.860811313732787338e-04
0.000000000000000000e+00
3.721622627465575217e-04
3.721622627465575217e-04
0.000000000000000000e+00
1.860811313732787609e-04
0.000000000000000000e+00
2.232973576479345022e-04
0.000000000000000000e+00
3.721622627465575217e-04
3.721622627465575217e-04
0.000000000000000000e+00
0.000000000000000000e+00
1.774318816088160363e-04
3.721622627465575217e-04
3.721622627465575217e-04
3.721622627465575217e-04
1.439720160902648320e-04
0.000000000000000000e+00
3.721622627465575217e-04
7.443245254931150435e-04
3.721622627465575217e-04
3.721622627465575217e-04
3.721622627465575217e-04
1.488649050986229924e-04
1.860811313732787609e-04
1.456258262415392572e-03
1.645381870851285195e-04
3.721622627465575217e-04
3.721622627465575217e-04
3.721622627465575217e-04
3.721622627465575217e-04
7.443245254931149621e-05
4.163674240523192530e-04
2.791216970599181548e-04
3.721622627465575217e-04
2.481081751643716992e-04
3.721622627465575217e-04
2.791216970599181548e-04
1.693751590030933630e-04
2.788508945008887530e-04
3.721622627465575217e-04
1.931916267745083530e-04
3.721622627465575217e-04
1.240540875821858496e-04
3.721622627465575217e-04
3.721622627465575217e-04
3.721622627465575217e-04
3.721622627465575217e-04
3.417861695434353453e-04
3.721622627465575217e-04
0.000000000000000000e+00
3.210512171408279824e-04
3.721622627465575217e-04
9.304056568663938043e-05
3.918841970787269313e-04
3.721622627465575217e-04
3.721622627465575217e-04
2.915964769777931232e-04
3.721622627465575217e-04
3.721622627465575217e-04
2.213317042669504071e-04
3.721622627465575217e-04
0.000000000000000000e+00
3.721622627465575217e-04
3.230964614705230742e-04
3.721622627465575217e-04
3.721622627465575217e-04
1.240540875821858496e-04
3.101352189554646105e-04
0.000000000000000000e+00
1.736757226150601623e-04
3.721622627465575217e-04
3.721622627465575217e-04
3.721622627465575217e-04
7.443245254931150435e-04
1.240540875821858496e-04
2.927883368398035433e-04
3.721622627465575217e-04
3.721622627465575217e-04
2.893057190144067252e-04
2.168513733326211663e-04
2.848383464788321016e-04
3.721622627465575217e-04
2.481081751643716992e-04
3.475471304727282954e-04
1.860811313732787609e-04
3.721622627465575217e-04
3.721622627465575217e-04
3.721622627465575217e-04
3.721622627465575217e-04
3.721622627465575217e-04
1.860811313732787609e-04
0.000000000000000000e+00
3.721622627465575217e-04
1.997787128986897173e-04
3.721622627465575217e-04
3.721622627465575217e-04
1.860811313732787609e-04
3.721622627465575217e-04
3.721622627465575217e-04
3.721622627465575217e-04
3.721622627465575217e-04
3.445056231833836359e-04
3.721622627465575217e-04
3.721622627465575217e-04
1.116486788239672403e-03
3.349460364719017424e-03
3.721622627465575217e-04
3.721622627465575217e-04
0.000000000000000000e+00
2.258147227615636145e-04
3.232280894621596882e-04
1.860811313732787554e-03
3.721622627465575217e-04
3.721622627465575217e-04
6.577212831017824682e-04
5.307152641863277249e-04
2.791216970599181548e-04
3.721622627465575217e-04
3.721622627465575217e-04
5.326749581576374496e-04
4.126463622495002729e-04
3.721622627465575217e-04
3.721622627465575217e-04
3.721622627465575217e-04
3.721622627465575217e-04
3.721622627465575217e-04
0.000000000000000000e+00
0.000000000000000000e+00
7.443245254931150435e-04
2.481081751643716450e-04
2.683502249158429935e-04
2.481081751643716992e-04
3.445056231833836359e-04
3.721622627465575217e-04
3.721622627465575217e-04
1.860811313732787609e-04
3.721622627465575217e-04
3.721622627465575217e-04
7.443245254931150435e-04
1.736757226150601623e-04
5.367004498316859870e-04
1.736757226150601623e-04
0.000000000000000000e+00
0.000000000000000000e+00
0.000000000000000000e+00
0.000000000000000000e+00
0.000000000000000000e+00
2.481081751643716992e-04
3.172195796047900932e-04
0.000000000000000000e+00
3.721622627465575217e-04
3.721622627465575217e-04
3.721622627465575217e-04
3.721622627465575217e-04
3.721622627465575217e-04
3.721622627465575217e-04
3.721622627465575217e-04
2.607286554881120869e-04
6.003525094028502656e-04
3.721622627465575217e-04
3.101352189554646105e-04
1.937800022370557602e-04
1.860811313732787609e-04
1.937800022370557602e-04
3.721622627465575217e-04
1.816892739880283795e-04
3.179694467959444035e-04
3.721622627465575217e-04
3.721622627465575217e-04
3.721622627465575217e-04
3.721622627465575217e-04
1.860811313732787609e-04
3.721622627465575217e-04
3.721622627465575217e-04
2.481081751643716992e-04
3.721622627465575217e-04
3.721622627465575217e-04
3.721622627465575217e-04
0.000000000000000000e+00
3.721622627465575217e-04
3.721622627465575217e-04
3.721622627465575217e-04
3.721622627465575217e-04
3.721622627465575217e-04
3.721622627465575217e-04
3.721622627465575217e-04
3.721622627465575217e-04
3.721622627465575217e-04
1.736757226150601623e-04
3.721622627465575217e-04
3.721622627465575217e-04
2.008671215073468271e-04
2.232973576479345564e-04
3.721622627465575217e-04
0.000000000000000000e+00
3.721622627465575217e-04
0.000000000000000000e+00
3.721622627465575217e-04
3.721622627465575217e-04
0.000000000000000000e+00
2.791216970599181548e-04
3.721622627465575217e-04
3.721622627465575217e-04
3.721622627465575217e-04
3.721622627465575217e-04
3.721622627465575217e-04
2.067568126369763979e-04
3.721622627465575217e-04
3.721622627465575217e-04
7.443245254931150435e-04
3.721622627465575217e-04
3.721622627465575217e-04
3.189962252113349799e-04
0.000000000000000000e+00
3.721622627465575217e-04
3.721622627465575217e-04
3.721622627465575217e-04
3.721622627465575217e-04
3.721622627465575217e-04
2.883177973392247128e-04
3.721622627465575217e-04
2.258147227615636145e-04
3.721622627465575217e-04
3.721622627465575217e-04
5.367004498316859870e-04
2.791216970599181548e-04
3.721622627465574675e-04
3.721622627465575217e-04
1.860811313732787609e-04
4.126463622495002729e-04
4.196437782128299319e-04
3.721622627465575217e-04
1.116486788239672403e-03
2.977298101972460174e-03
3.721622627465575217e-04
1.931916267745083530e-04
5.838230889107079219e-04
2.481081751643716992e-04
3.306860776517966255e-04
1.816892739880283795e-04
0.000000000000000000e+00
3.721622627465575217e-04
0.000000000000000000e+00
3.721622627465575217e-04
3.721622627465575217e-04
3.721622627465575217e-04
3.721622627465575217e-04
0.000000000000000000e+00
4.253968171988911076e-04
4.253968171988911076e-04
3.721622627465575217e-04
0.000000000000000000e+00
1.860811313732787609e-04
3.721622627465575217e-04
0.000000000000000000e+00
3.230964614705230742e-04
0.000000000000000000e+00
3.721622627465575217e-04
3.721622627465575217e-04
3.721622627465575217e-04
3.721622627465575217e-04
3.721622627465575217e-04
1.860811313732787609e-04
3.721622627465575217e-04
3.721622627465575217e-04
4.328884120009715130e-04
2.550952139483160909e-04
3.721622627465575217e-04
2.658301876761124923e-04
3.721622627465575217e-04
3.721622627465575217e-04
3.721622627465575217e-04
3.721622627465575217e-04
3.721622627465575217e-04
3.721622627465575759e-04
3.721622627465575217e-04
3.721622627465575217e-04
0.000000000000000000e+00
3.721622627465575217e-04
1.860811313732787609e-04
3.721622627465575217e-04
3.721622627465575217e-04
1.038120378307144876e-04
3.721622627465575217e-04
4.092023395401811307e-04
3.721622627465575217e-04
3.721622627465575217e-04
3.721622627465575217e-04
3.721622627465575217e-04
2.893057190144067252e-04
3.721622627465575217e-04
3.721622627465575217e-04
3.721622627465575217e-04
3.721622627465575217e-04
2.791216970599181548e-04
0.000000000000000000e+00
2.977298101972459849e-04
5.448810376504437331e-04
1.860811313732787609e-04
3.865130896537156621e-04
3.721622627465575217e-04
3.721622627465575217e-04
0.000000000000000000e+00
3.721622627465575217e-04
1.937800022370557602e-04
3.721622627465575217e-04
3.721622627465575217e-04
3.721622627465575217e-04
0.000000000000000000e+00
3.721622627465575217e-04
3.721622627465575217e-04
3.721622627465575217e-04
3.721622627465575217e-04
3.721622627465575217e-04
7.443245254931150435e-04
7.443245254931150435e-04
3.721622627465575217e-04
2.481081751643716992e-04
1.481456579233004741e-04
3.721622627465575217e-04
3.721622627465575217e-04
3.721622627465575217e-04
3.721622627465575217e-04
0.000000000000000000e+00
3.721622627465575217e-04
3.721622627465575217e-04
3.721622627465575217e-04
1.240540875821858496e-04
3.721622627465575217e-04
3.721622627465575217e-04
3.721622627465575217e-04
3.721622627465575217e-04
3.721622627465575217e-04
3.721622627465575217e-04
3.721622627465575217e-04
3.721622627465575217e-04
3.721622627465575217e-04
2.915964769777931232e-04
3.721622627465575217e-04
2.937639762602273891e-04
3.721622627465575217e-04
7.443245254931150435e-04
2.395641348978219968e-04
3.721622627465575217e-04
2.791216970599181548e-04
0.000000000000000000e+00
0.000000000000000000e+00
3.721622627465575217e-04
3.721622627465575217e-04
2.663439356584857429e-04
2.481081751643716992e-04
3.721622627465575217e-04
3.721622627465575217e-04
3.721622627465575217e-04
3.721622627465575217e-04
3.721622627465575217e-04
3.721622627465575217e-04
3.721622627465575759e-04
0.000000000000000000e+00
3.721622627465575217e-04
7.227815812049647208e-04
3.721622627465575217e-04
2.481081751643716992e-04
3.721622627465575217e-04
3.721622627465575217e-04
3.721622627465575217e-04
3.721622627465575217e-04
1.860811313732787609e-04
3.721622627465575217e-04
3.721622627465575217e-04
2.232973576479344805e-03
0.000000000000000000e+00
3.721622627465575217e-04
1.860811313732787609e-04
0.000000000000000000e+00
3.721622627465575217e-04
3.721622627465575217e-04
3.721622627465575217e-04
3.721622627465575217e-04
3.721622627465575217e-04
1.488649050986230087e-03
1.116486788239672403e-03
3.721622627465575217e-04
0.000000000000000000e+00
3.721622627465575217e-04
4.122120893450364858e-04
4.122120893450364858e-04
5.637734166950630552e-04
3.721622627465575217e-04
3.316214931999338436e-04
1.488649050986230087e-03
1.116486788239672403e-03
1.099400546588966956e-03
1.240540875821858496e-04
3.721622627465575217e-04
1.096899226258856840e-03
2.481081751643716992e-04
2.029975978617586433e-04
1.240540875821858496e-04
2.029975978617586433e-04
3.721622627465575217e-04
3.721622627465575217e-04
4.126463622495002729e-04
3.721622627465575759e-04
2.213317042669504071e-04
3.721622627465575217e-04
3.721622627465575217e-04
1.719131297541630539e-04
3.721622627465575217e-04
3.721622627465575217e-04
3.721622627465575217e-04
3.721622627465575217e-04
3.721622627465575217e-04
0.000000000000000000e+00
3.721622627465575217e-04
2.791216970599181548e-04
3.721622627465575217e-04
3.721622627465575217e-04
3.721622627465575217e-04
3.721622627465575217e-04
4.099911460754547500e-04
3.721622627465575217e-04
3.721622627465575217e-04
1.860811313732787609e-04
2.986719211717682866e-04
3.101352189554646105e-04
0.000000000000000000e+00
3.721622627465575217e-04
1.300514461357152091e-04
0.000000000000000000e+00
3.721622627465575217e-04
1.439720160902648320e-04
4.442677559542373283e-03
3.721622627465575217e-04
2.977298101972459849e-04
2.481081751643716992e-04
3.721622627465575217e-04
3.721622627465575217e-04
3.179694467959444035e-04
7.443245254931150435e-04
0.000000000000000000e+00
0.000000000000000000e+00
2.791216970599181548e-04
1.931916267745083530e-04
4.253968171988911076e-04
3.721622627465575217e-04
3.721622627465575217e-04
3.721622627465575217e-04
3.721622627465575217e-04
3.721622627465575217e-04
3.721622627465575217e-04
7.893493684067451679e-04
3.721622627465575217e-04
0.000000000000000000e+00
3.721622627465575217e-04
1.860811313732787609e-04
3.721622627465575217e-04
3.721622627465575217e-04
3.721622627465575217e-04
3.721622627465575217e-04
2.481081751643716992e-04
3.721622627465575217e-04
6.322925211522214314e-04
6.322925211522214314e-04
2.481081751643716992e-04
3.721622627465575217e-04
0.000000000000000000e+00
3.721622627465575217e-04
3.721622627465575217e-04
3.721622627465575217e-04
3.721622627465575217e-04
3.721622627465575217e-04
2.170946532688252165e-04
3.721622627465575217e-04
3.721622627465575217e-04
2.029975978617586433e-04
3.721622627465575217e-04
3.721622627465575217e-04
4.328884120009715130e-04
3.865130896537156621e-04
2.977298101972459849e-04
3.721622627465575217e-04
3.721622627465575759e-04
3.721622627465575217e-04
3.721622627465575217e-04
2.951891191718042698e-04
1.931916267745083530e-04
3.721622627465575217e-04
0.000000000000000000e+00
3.721622627465575217e-04
3.721622627465575217e-04
7.443245254931150435e-04
0.000000000000000000e+00
3.721622627465575217e-04
4.240682816619147045e-04
2.977298101972460174e-03
3.721622627465575217e-04
0.000000000000000000e+00
0.000000000000000000e+00
4.201529347766458171e-04
3.721622627465575217e-04
1.860811313732787609e-04
3.721622627465575217e-04
0.000000000000000000e+00
3.721622627465575217e-04
1.096899226258856840e-03
2.938123126946506750e-04
3.721622627465575759e-04
0.000000000000000000e+00
3.721622627465575217e-04
3.721622627465575217e-04
0.000000000000000000e+00
7.443245254931150435e-04
3.306860776517966255e-04
1.116486788239672403e-03
3.721622627465575217e-04
3.721622627465575217e-04
3.721622627465575217e-04
3.721622627465575217e-04
2.791216970599181548e-04
3.721622627465575217e-04
2.977298101972460174e-03
3.721622627465575217e-04
1.860811313732787554e-03
0.000000000000000000e+00
1.240540875821858496e-04
6.663648371828855888e-05
0.000000000000000000e+00
6.663648371828855888e-05
3.721622627465575217e-04
4.465947152958689610e-03
0.000000000000000000e+00
3.721622627465575217e-04
3.721622627465575217e-04
1.116486788239672403e-03
0.000000000000000000e+00
0.000000000000000000e+00
3.721622627465575217e-04
3.721622627465575217e-04
0.000000000000000000e+00
3.721622627465575217e-04
0.000000000000000000e+00
0.000000000000000000e+00
3.721622627465575217e-04
1.488649050986230087e-03
2.791216970599181548e-04
3.179694467959444035e-04
4.956782615165820048e-03
4.838109415705247295e-03
5.444150743382493397e-04
3.721622627465575759e-04
2.481081751643716992e-04
3.721622627465575217e-04
3.721622627465575217e-04
2.605135839225902489e-03
0.000000000000000000e+00
1.116486788239672533e-02
3.099248592843748245e-04
2.938123126946506750e-04
3.721622627465575217e-04
3.721622627465575217e-04
3.721622627465575217e-04
3.721622627465575217e-04
1.116486788239672403e-03
1.860811313732787554e-03
3.721622627465575217e-04
3.721622627465575217e-04
5.790387545780433139e-04
2.791216970599181548e-04
2.791216970599181548e-04
2.791216970599181548e-04
0.000000000000000000e+00
3.290763741702570390e-04
3.721622627465575217e-04
7.443245254931150435e-04
3.721622627465575217e-04
3.721622627465575217e-04
3.721622627465575217e-04
1.116486788239672403e-03
7.443245254931150435e-04
1.488649050986230087e-03
1.860811313732787554e-03
7.443245254931150435e-04
3.721622627465575217e-04
3.721622627465575217e-04
3.721622627465575217e-04
6.405124876624006779e-04
3.721622627465575759e-04
3.721622627465575759e-04
1.116486788239672403e-03
0.000000000000000000e+00
2.537141496617485877e-04
3.721622627465575217e-04
0.000000000000000000e+00
3.856255885115720031e-04
3.721622627465575217e-04
1.216054052717995167e-03
3.721622627465575217e-04
2.481081751643716992e-04
3.721622627465575759e-04
3.721622627465575217e-04
3.721622627465575217e-04
3.721622627465575217e-04
2.791216970599181548e-04
3.721622627465575217e-04
2.791216970599181548e-04
2.791216970599181548e-04
3.721622627465575217e-04
1.471974038281033154e-04
1.860811313732787609e-04
1.860811313732787609e-04
3.721622627465575217e-04
3.721622627465575217e-04
7.443245254931150435e-04
1.240540875821858496e-04
1.860811313732787338e-04
0.000000000000000000e+00
3.232280894621596882e-04
3.306860776517966255e-04
3.721622627465575217e-04
3.721622627465575217e-04
3.721622627465575217e-04
3.721622627465575217e-04
3.721622627465575217e-04
3.721622627465575217e-04
2.481081751643716992e-04
0.000000000000000000e+00
2.955297058118827851e-04
2.168513733326211663e-04
3.721622627465575217e-04
3.721622627465575217e-04
0.000000000000000000e+00
0.000000000000000000e+00
0.000000000000000000e+00
4.126463622495002729e-04
3.721622627465575217e-04
3.799028078583938377e-04
1.116486788239672403e-03
3.721622627465575217e-04
3.721622627465575217e-04
3.721622627465575217e-04
3.721622627465575217e-04
0.000000000000000000e+00
2.938123126946506750e-04
1.488649050986230087e-03
2.791216970599181548e-04
1.931916267745083530e-04
3.721622627465575217e-04
3.721622627465575217e-04
3.721622627465575217e-04
2.232973576479345022e-04
3.721622627465575217e-04
3.721622627465575217e-04
2.791216970599181548e-04
0.000000000000000000e+00
2.481081751643716992e-04
3.721622627465575217e-04
7.443245254931150435e-04
3.721622627465574675e-04
3.721622627465575217e-04
3.721622627465575217e-04
3.721622627465575217e-04
3.721622627465575217e-04
2.810568333378772338e-04
1.063320750704450023e-04
3.721622627465575217e-04
1.860811313732787338e-04
2.955297058118827851e-04
1.931916267745083530e-04
0.000000000000000000e+00
1.471974038281033154e-04
1.931916267745083530e-04
2.481081751643716992e-04
0.000000000000000000e+00
1.116486788239672403e-03
3.721622627465575217e-04
2.791216970599181548e-04
1.860811313732787880e-04
2.120288806666670431e-04
2.481081751643716992e-04
1.953411505716846767e-04
0.000000000000000000e+00
1.488649050986230087e-03
1.860811313732787609e-04
3.721622627465575217e-04
1.594981126056675171e-04
2.481081751643716992e-04
0.000000000000000000e+00
3.721622627465575217e-04
0.000000000000000000e+00
3.721622627465575217e-04
3.721622627465575217e-04
3.721622627465575217e-04
0.000000000000000000e+00
4.122120893450364858e-04
3.721622627465575217e-04
3.721622627465575217e-04
3.721622627465575217e-04
3.721622627465575217e-04
0.000000000000000000e+00
1.860811313732787609e-04
3.721622627465575217e-04
3.721622627465575217e-04
3.183182630221489799e-04
3.721622627465575217e-04
0.000000000000000000e+00
0.000000000000000000e+00
3.721622627465575217e-04
1.628209899516189327e-04
1.860811313732787609e-04
1.231345646413542928e-03
4.328884120009715130e-04
1.860811313732787554e-03
4.989298107925076295e-04
2.605135839225902489e-03
2.481081751643716992e-04
2.232973576479344805e-03
5.210271678451804979e-03
3.721622627465575217e-04
3.721622627465575217e-04
3.721622627465575217e-04
3.721622627465575217e-04
2.791216970599181548e-04
3.721622627465575217e-04
1.860811313732787609e-04
7.443245254931150435e-04
3.721622627465575217e-04
0.000000000000000000e+00
3.721622627465575217e-04
1.645381870851285195e-04
2.281902466562927168e-04
0.000000000000000000e+00
2.098218891064149117e-04
7.443245254931150435e-04
3.721622627465575217e-04
1.860811313732787609e-04
3.721622627465575217e-04
3.721622627465575217e-04
3.721622627465575217e-04
4.465947152958689610e-03
5.367004498316859870e-04
3.721622627465575217e-04
7.443245254931150435e-04
3.471277129229892781e-04
0.000000000000000000e+00
1.692367956963792728e-04
3.721622627465575217e-04
0.000000000000000000e+00
3.721622627465575217e-04
0.000000000000000000e+00
0.000000000000000000e+00
1.488649050986229924e-04
1.116486788239672403e-03
3.960621631813806567e-04
0.000000000000000000e+00
3.721622627465575217e-04
7.443245254931150435e-04
3.721622627465575217e-04
1.149817305463005394e-03
1.313513868517261730e-04
4.714536213352341944e-03
3.721622627465575217e-04
3.721622627465575217e-04
1.488649050986230087e-03
0.000000000000000000e+00
4.646046524613210542e-04
3.721622627465575217e-04
3.721622627465575217e-04
0.000000000000000000e+00
3.721622627465575217e-04
3.721622627465575217e-04
3.721622627465575217e-04
1.116486788239672403e-03
2.774632098528107839e-04
3.721622627465575217e-04
3.721622627465575217e-04
3.721622627465575217e-04
3.721622627465574675e-04
3.721622627465575217e-04
1.305033146442846495e-03
2.580671394184111769e-04
3.721622627465575217e-04
3.721622627465575217e-04
3.721622627465575217e-04
7.268970896906369735e-04
3.721622627465575217e-04
4.868776354589236208e-05
3.721622627465575217e-04
0.000000000000000000e+00
3.721622627465575217e-04
3.721622627465575217e-04
3.101352189554646105e-04
1.821592821517083172e-04
2.938123126946506750e-04
0.000000000000000000e+00
1.860811313732787609e-04
2.883177973392247128e-04
3.721622627465575217e-04
0.000000000000000000e+00
9.813160255206888145e-05
1.505324063691427074e-03
3.721622627465575217e-04
7.443245254931150435e-04
3.721622627465575217e-04
1.116486788239672403e-03
0.000000000000000000e+00
1.931916267745083530e-04
4.324810288027995772e-04
3.721622627465575217e-04
2.556790956861052281e-04
1.860811313732787609e-04
7.443245254931150435e-04
0.000000000000000000e+00
3.721622627465575217e-04
0.000000000000000000e+00
3.721622627465575217e-04
3.721622627465575217e-04
2.938123126946506750e-04
3.721622627465575217e-04
4.196437782128298235e-04
3.721622627465575217e-04
8.683786130753008660e-04
3.721622627465575217e-04
2.232973576479344805e-03
2.938123126946506750e-04
3.721622627465575217e-04
1.300514461357152091e-04
3.721622627465575217e-04
3.721622627465575217e-04
3.721622627465575217e-04
3.721622627465575217e-04
3.721622627465575217e-04
3.721622627465575217e-04
3.721622627465575217e-04
3.721622627465575217e-04
3.721622627465575217e-04
3.721622627465575217e-04
0.000000000000000000e+00
2.421108166108422856e-04
3.721622627465575217e-04
0.000000000000000000e+00
2.791216970599181548e-04
0.000000000000000000e+00
3.721622627465575217e-04
5.367004498316859870e-04
0.000000000000000000e+00
3.721622627465575217e-04
0.000000000000000000e+00
3.960621631813806567e-04
1.488649050986229924e-04
3.721622627465575217e-04
0.000000000000000000e+00
3.721622627465575217e-04
3.721622627465575217e-04
3.721622627465575217e-04
3.721622627465575217e-04
3.721622627465575217e-04
3.721622627465575217e-04
0.000000000000000000e+00
3.721622627465575217e-04
0.000000000000000000e+00
3.721622627465575217e-04
3.721622627465575217e-04
1.860811313732787554e-03
1.488649050986230087e-03
2.481081751643716992e-04
2.893057190144067252e-04
3.721622627465575217e-04
3.721622627465575217e-04
2.213317042669504071e-04
3.721622627465575217e-04
7.337103740861360308e-04
3.721622627465575217e-04
0.000000000000000000e+00
7.443245254931150435e-04
2.481081751643716992e-04
3.721622627465575217e-04
0.000000000000000000e+00
1.860811313732787609e-04
1.860811313732787609e-04
3.721622627465575759e-04
3.721622627465575217e-04
1.240540875821858496e-04
6.840057594368730964e-04
3.721622627465575217e-04
0.000000000000000000e+00
4.588636089841761304e-04
3.721622627465575217e-04
1.860811313732787609e-04
1.931916267745083530e-04
1.063320750704450023e-04
0.000000000000000000e+00
2.915964769777931232e-04
3.721622627465575217e-04
1.488649050986229924e-04
3.172195796047900932e-04
4.092023395401811307e-04
0.000000000000000000e+00
3.721622627465575217e-04
6.969069786919814729e-04
5.444150743382493397e-04
3.721622627465575217e-04
3.306860776517966255e-04
3.721622627465575217e-04
3.721622627465575217e-04
0.000000000000000000e+00
7.443245254931150435e-04
0.000000000000000000e+00
2.049955730377273750e-04
2.810568333378772338e-04
1.573483482844076603e-04
0.000000000000000000e+00
0.000000000000000000e+00
0.000000000000000000e+00
7.443245254931150435e-04
3.721622627465575217e-04
1.001771415527306398e-03
2.481081751643716992e-04
3.721622627465575217e-04
3.721622627465575217e-04
3.721622627465575217e-04
3.721622627465575217e-04
3.721622627465575217e-04
3.721622627465575217e-04
3.721622627465575217e-04
1.860811313732787554e-03
8.194019346534015327e-04
5.367004498316859870e-04
8.683786130753008660e-04
0.000000000000000000e+00
4.553117137514623575e-03
3.172195796047900932e-04
4.196437782128299319e-04
3.721622627465575217e-04
3.721622627465575217e-04
3.721622627465575217e-04
3.721622627465575217e-04
3.721622627465575217e-04
3.721622627465575217e-04
3.721622627465575217e-04
1.488649050986230087e-03
3.721622627465575217e-04
3.721622627465575217e-04
2.791216970599181548e-04
5.856664253006910268e-04
0.000000000000000000e+00
3.721622627465575217e-04
1.063320750704450023e-04
3.721622627465575217e-04
0.000000000000000000e+00
3.721622627465575217e-04
3.721622627465575759e-04
3.721622627465575217e-04
3.721622627465575217e-04
0.000000000000000000e+00
1.919380430534025088e-04
2.481081751643716992e-04
3.721622627465575217e-04
3.179694467959444035e-04
2.453290063801721833e-04
3.960621631813806567e-04
3.721622627465575217e-04
3.650103673020206434e-04
2.453290063801721833e-04
3.721622627465575217e-04
3.721622627465575217e-04
0.000000000000000000e+00
3.721622627465575217e-04
4.196437782128299319e-04
1.860811313732787609e-04
3.721622627465575217e-04
2.481081751643716992e-04
3.721622627465575217e-04
3.172195796047900932e-04
3.721622627465575217e-04
3.721622627465575217e-04
3.721622627465575217e-04
3.721622627465575217e-04
3.721622627465575217e-04
3.721622627465575217e-04
3.224102152010923229e-04
1.997787128986897173e-04
3.721622627465575217e-04
3.778238650425279018e-04
3.721622627465575759e-04
3.721622627465575217e-04
2.029975978617586433e-04
1.240540875821858496e-04
3.721622627465575759e-04
2.136643230632696779e-04
3.721622627465575217e-04
2.067568126369763979e-04
2.556790956861052281e-04
1.860811313732787609e-04
3.721622627465575217e-04
3.721622627465575217e-04
3.721622627465575217e-04
7.443245254931150435e-04
4.917148383103177312e-04
3.721622627465575217e-04
6.345802498421491793e-04
3.721622627465575217e-04
3.721622627465575217e-04
3.721622627465575217e-04
4.196437782128299319e-04
3.721622627465575217e-04
0.000000000000000000e+00
8.243602069643182978e-04
1.736757226150601623e-04
1.240540875821858496e-04
3.721622627465575217e-04
0.000000000000000000e+00
0.000000000000000000e+00
3.721622627465574675e-04
2.791216970599181548e-04
3.721622627465575217e-04
4.253968171988911076e-04
5.030494612681470383e-04
3.316214931999338436e-04
0.000000000000000000e+00
1.899514039291968917e-04
3.721622627465575217e-04
7.443245254931150435e-04
2.112326557468065453e-04
3.721622627465575217e-04
3.721622627465575217e-04
0.000000000000000000e+00
3.721622627465575217e-04
3.721622627465575217e-04
1.094594890431051487e-04
1.096899226258856840e-03
1.488649050986229924e-04
1.953411505716846767e-04
0.000000000000000000e+00
1.860811313732787609e-04
2.026112914058095867e-04
0.000000000000000000e+00
3.721622627465575217e-04
0.000000000000000000e+00
3.721622627465575217e-04
1.523934780201623694e-04
3.721622627465575217e-04
2.481081751643716992e-04
5.637734166950630552e-04
3.721622627465575217e-04
0.000000000000000000e+00
2.481081751643716992e-04
3.721622627465575217e-04
3.232280894621596882e-04
3.721622627465575217e-04
3.721622627465575217e-04
3.721622627465575217e-04
0.000000000000000000e+00
2.674692229954925109e-04
2.977298101972460174e-03
3.721622627465575217e-04
0.000000000000000000e+00
2.232973576479345022e-04
0.000000000000000000e+00
0.000000000000000000e+00
2.481081751643716992e-04
3.721622627465575217e-04
8.642555005015676792e-04
9.369481893960788458e-04
8.872074291853159671e-04
1.250738165580077147e-03
7.468315660440792226e-04
2.481081751643716992e-04
3.721622627465575217e-04
2.977298101972460391e-04
3.721622627465575217e-04
0.000000000000000000e+00
0.000000000000000000e+00
3.721622627465575217e-04
1.860811313732787609e-04
3.230964614705230742e-04
2.683502249158429935e-04
2.326014142165984443e-04
3.721622627465575217e-04
3.721622627465575217e-04
1.116486788239672403e-03
3.721622627465575217e-04
2.674692229954925109e-04
0.000000000000000000e+00
0.000000000000000000e+00
1.488649050986230087e-03
3.721622627465575217e-04
2.658301876761124923e-04
1.488649050986230087e-03
1.488649050986230087e-03
2.481081751643716992e-04
1.860811313732787609e-04
3.721622627465575217e-04
1.488649050986229924e-04
3.721622627465575217e-04
2.481081751643716992e-04
4.588636089841761304e-04
1.600297729810197175e-02
3.721622627465575217e-04
2.683502249158429935e-04
1.736757226150601623e-04
3.721622627465575217e-04
3.721622627465575217e-04
0.000000000000000000e+00
3.911647123418965670e-04
3.721622627465575217e-04
0.000000000000000000e+00
0.000000000000000000e+00
3.721622627465575217e-04
3.721622627465575217e-04
9.304056568663938043e-05
3.721622627465575217e-04
3.721622627465575217e-04
1.860811313732787554e-03
3.721622627465575217e-04
2.453290063801721833e-04
3.721622627465575217e-04
2.120288806666670431e-04
4.253968171988911076e-04
4.962163503287433984e-04
3.721622627465575217e-04
3.721622627465575217e-04
3.721622627465575217e-04
3.721622627465575217e-04
3.721622627465575217e-04
0.000000000000000000e+00
3.721622627465575217e-04
0.000000000000000000e+00
3.315771693365218557e-04
0.000000000000000000e+00
1.219132146351550828e-03
7.443245254931150435e-04
1.488649050986230087e-03
3.721622627465575217e-04
3.721622627465575217e-04
0.000000000000000000e+00
0.000000000000000000e+00
0.000000000000000000e+00
3.445056231833836359e-04
3.721622627465575217e-04
3.721622627465575217e-04
2.481081751643716992e-04
0.000000000000000000e+00
7.443245254931150435e-04
3.721622627465575217e-04
3.721622627465575217e-04
0.000000000000000000e+00
0.000000000000000000e+00
1.240540875821858496e-04
7.443245254931150435e-04
7.443245254931150435e-04
0.000000000000000000e+00
0.000000000000000000e+00
0.000000000000000000e+00
4.962163503287433984e-04
3.721622627465575217e-04
0.000000000000000000e+00
3.721622627465575217e-04
3.721622627465575217e-04
0.000000000000000000e+00
0.000000000000000000e+00
3.721622627465575217e-04
5.367004498316859870e-04
0.000000000000000000e+00
3.721622627465575217e-04
1.488649050986229924e-04
1.116486788239672403e-03
1.116486788239672403e-03
1.721318642276181623e-04
3.721622627465575217e-04
3.721622627465575217e-04
3.721622627465575217e-04
4.906580127603444073e-05
0.000000000000000000e+00
3.721622627465575217e-04
1.116486788239672403e-03
1.240540875821858496e-04
2.481081751643716992e-04
3.721622627465575217e-04
3.721622627465575217e-04
3.721622627465575217e-04
3.721622627465575217e-04
0.000000000000000000e+00
3.721622627465575217e-04
3.799028078583938377e-04
3.721622627465575217e-04
0.000000000000000000e+00
0.000000000000000000e+00
3.721622627465575217e-04
8.360171449522958145e-04
3.721622627465575217e-04
0.000000000000000000e+00
0.000000000000000000e+00
1.860811313732787338e-04
3.721622627465575217e-04
4.196437782128298235e-04
3.721622627465575217e-04
1.860811313732787609e-04
3.721622627465575217e-04
3.721622627465575217e-04
3.721622627465575217e-04
6.613061857850715316e-04
7.443245254931150435e-04
5.367004498316859870e-04
3.721622627465575217e-04
2.601028922714304181e-04
3.721622627465575759e-04
3.721622627465575217e-04
2.481081751643716992e-04
8.117457478412925826e-04
0.000000000000000000e+00
2.791216970599181548e-04
3.721622627465575217e-04
9.304056568663938043e-05
3.721622627465575217e-04
3.721622627465575217e-04
3.721622627465575217e-04
3.721622627465575217e-04
4.122120893450364858e-04
3.721622627465575217e-04
2.893057190144067252e-04
0.000000000000000000e+00
3.721622627465575217e-04
0.000000000000000000e+00
5.886064687470432240e-04
3.721622627465575217e-04
0.000000000000000000e+00
3.721622627465575217e-04
3.721622627465575217e-04
0.000000000000000000e+00
3.721622627465575217e-04
7.855963410132377808e-04
2.674692229954925109e-04
3.960621631813806567e-04
6.613061857850715316e-04
2.355041186335370628e-04
6.613061857850715316e-04
1.116486788239672533e-02
3.721622627465575217e-04
2.421108166108422856e-04
2.481081751643716992e-04
3.721622627465575217e-04
3.721622627465575217e-04
2.213317042669504071e-04
1.488649050986230087e-03
4.196437782128298235e-04
3.266095480422174049e-04
9.553144420376844187e-04
3.721622627465575217e-04
6.538463764087521770e-04
3.721622627465575217e-04
2.787238863055993142e-04
7.358162393322419895e-04
1.240540875821858496e-04
4.814509905061174679e-04
4.552479701236892672e-04
4.126463622495002729e-04
3.721622627465575217e-04
1.439720160902648320e-04
3.721622627465575217e-04
7.443245254931150435e-04
3.721622627465575217e-04
0.000000000000000000e+00
7.296678671259931121e-04
3.721622627465575217e-04
2.197687847263951524e-04
1.860811313732787609e-04
3.721622627465575217e-04
7.443245254931150435e-04
3.721622627465575217e-04
3.721622627465575217e-04
2.453290063801721833e-04
3.721622627465575217e-04
2.481081751643716992e-04
3.721622627465575217e-04
6.003525094028502656e-04
2.112326557468065453e-04
2.601028922714304181e-04
3.721622627465575217e-04
8.924915019282898419e-05
3.721622627465575217e-04
3.721622627465575217e-04
3.721622627465575217e-04
3.721622627465575217e-04
7.443245254931150435e-04
3.721622627465575217e-04
1.471974038281033154e-04
2.232973576479345022e-04
3.721622627465575217e-04
1.860811313732787609e-04
2.942869248780069112e-04
3.721622627465575217e-04
3.721622627465575217e-04
3.721622627465575217e-04
3.721622627465575217e-04
0.000000000000000000e+00
3.721622627465575217e-04
7.443245254931150435e-04
3.721622627465575217e-04
1.240540875821858496e-04
1.937800022370557602e-04
0.000000000000000000e+00
2.481081751643716992e-04
0.000000000000000000e+00
3.721622627465574675e-04
3.721622627465575217e-04
7.443245254931150435e-04
3.721622627465575217e-04
2.883177973392247128e-04
0.000000000000000000e+00
1.860811313732787609e-04
2.646892326396519269e-04
3.721622627465575217e-04
3.721622627465575217e-04
2.791216970599181548e-04
4.111421069016721677e-04
3.721622627465575217e-04
2.067568126369763979e-04
3.721622627465575217e-04
3.721622627465575217e-04
3.721622627465575217e-04
3.721622627465575759e-04
3.721622627465575217e-04
3.721622627465575217e-04
3.721622627465575217e-04
0.000000000000000000e+00
1.163007071082992222e-04
3.721622627465575217e-04
3.101352189554646105e-04
7.443245254931150435e-04
2.977298101972460174e-03
6.796556223031486113e-04
2.977298101972460174e-03
5.658262251074571564e-04
9.676218831410495456e-04
4.746600492654212363e-04
4.746600492654212363e-04
3.721622627465575217e-04
3.721622627465575217e-04
3.721622627465575217e-04
3.721622627465575217e-04
3.721622627465575217e-04
3.721622627465575217e-04
3.721622627465575217e-04
3.721622627465575217e-04
3.960621631813806567e-04
3.721622627465575217e-04
3.721622627465575217e-04
3.721622627465575217e-04
3.721622627465575217e-04
1.860811313732787554e-03
3.101352189554646105e-04
3.721622627465575217e-04
2.791216970599181548e-04
3.721622627465575217e-04
3.721622627465575217e-04
1.116486788239672403e-03
3.721622627465575217e-04
2.791216970599181548e-04
0.000000000000000000e+00
3.202562438312002305e-04
2.791216970599181548e-04
3.721622627465575217e-04
3.721622627465575217e-04
3.721622627465575217e-04
3.721622627465575217e-04
9.304056568663938043e-05
3.721622627465575217e-04
2.213317042669504071e-04
0.000000000000000000e+00
3.721622627465575217e-04
1.860811313732787554e-03
1.860811313732787880e-04
3.721622627465575217e-04
3.721622627465575217e-04
0.000000000000000000e+00
4.588636089841761304e-04
3.721622627465575217e-04
1.799083359202477536e-04
0.000000000000000000e+00
1.860811313732787609e-04
3.721622627465575217e-04
3.721622627465575217e-04
3.721622627465575217e-04
1.860811313732787609e-04
1.860811313732787609e-04
3.721622627465575217e-04
2.481081751643716992e-04
7.443245254931150435e-04
3.721622627465575217e-04
3.721622627465575217e-04
3.721622627465575217e-04
3.721622627465575217e-04
0.000000000000000000e+00
3.721622627465575217e-04
1.860811313732787609e-04
1.860811313732787609e-04
3.721622627465575217e-04
1.860811313732787609e-04
0.000000000000000000e+00
3.721622627465575217e-04
3.721622627465575217e-04
7.443245254931150435e-04
0.000000000000000000e+00
3.721622627465575217e-04
1.488649050986230087e-03
7.443245254931150435e-04
3.721622627465575217e-04
3.721622627465575217e-04
0.000000000000000000e+00
2.977298101972460391e-04
3.101352189554646105e-04
9.304056568663938043e-05
4.746600492654212363e-04
2.622778703833599455e-04
2.022936541573922779e-03
0.000000000000000000e+00
9.237241728806632433e-04
1.116486788239672403e-03
3.224102152010923229e-04
1.217552802301069575e-04
2.211820353248184260e-04
3.721622627465575217e-04
3.721622627465575217e-04
3.721622627465575217e-04
5.838230889107079219e-04
2.481081751643716992e-04
3.721622627465575217e-04
3.721622627465575217e-04
1.116486788239672403e-03
0.000000000000000000e+00
0.000000000000000000e+00
3.721622627465575217e-04
3.349460364719017424e-03
3.721622627465575217e-04
3.721622627465575217e-04
3.721622627465575217e-04
0.000000000000000000e+00
1.860811313732787609e-04
3.721622627465575217e-04
2.258147227615636145e-04
1.063320750704450023e-04
2.791216970599181548e-04
2.481081751643716992e-04
3.721622627465575217e-04
3.721622627465575217e-04
3.721622627465575217e-04
2.791216970599181548e-04
0.000000000000000000e+00
1.116486788239672403e-03
3.721622627465575217e-04
1.141058176114195192e-03
1.173534678887795538e-03
2.481081751643716992e-04
3.349460364719017424e-03
3.721622627465575217e-04
0.000000000000000000e+00
3.721622627465575217e-04
1.488649050986230087e-03
1.211449819172217331e-03
1.860811313732787609e-04
3.721622627465575217e-04
4.196437782128299319e-04
3.721622627465575217e-04
3.721622627465574675e-04
3.721622627465574675e-04
3.721622627465575217e-04
2.232973576479344805e-03
0.000000000000000000e+00
3.721622627465575217e-04
0.000000000000000000e+00
2.791216970599181548e-04
2.481081751643716992e-04
3.721622627465575217e-04
3.721622627465575759e-04
3.721622627465575217e-04
3.721622627465575217e-04
1.240540875821858496e-04
3.721622627465575217e-04
2.481081751643716992e-04
3.721622627465575217e-04
3.721622627465575217e-04
3.721622627465575759e-04
3.721622627465575217e-04
3.721622627465575759e-04
3.721622627465575759e-04
3.721622627465575217e-04
3.721622627465575217e-04
1.860811313732787609e-04
5.182565637054511662e-04
2.238164275274986460e-04
3.721622627465575217e-04
3.721622627465575217e-04
5.625175360759688886e-04
3.721622627465575217e-04
1.919380430534025088e-04
1.860811313732787609e-04
2.605135839225902489e-03
3.721622627465575217e-04
3.721622627465575217e-04
3.721622627465575217e-04
1.860811313732787609e-04
3.721622627465575217e-04
3.721622627465575217e-04
3.721622627465575217e-04
3.721622627465575217e-04
3.721622627465575217e-04
3.721622627465575217e-04
3.721622627465575217e-04
0.000000000000000000e+00
3.445056231833836359e-04
2.977298101972459849e-04
3.721622627465575217e-04
0.000000000000000000e+00
3.721622627465575217e-04
2.977298101972459849e-04
3.721622627465575217e-04
0.000000000000000000e+00
0.000000000000000000e+00
3.721622627465575217e-04
3.721622627465575217e-04
3.721622627465575217e-04
8.924915019282895709e-05
3.721622627465575217e-04
0.000000000000000000e+00
3.721622627465575217e-04
2.232973576479345022e-04
0.000000000000000000e+00
3.721622627465575217e-04
0.000000000000000000e+00
3.721622627465575217e-04
3.721622627465575759e-04
6.322925211522214314e-04
0.000000000000000000e+00
3.721622627465575217e-04
0.000000000000000000e+00
3.721622627465575217e-04
3.721622627465575217e-04
7.443245254931149621e-05
3.721622627465575217e-04
3.721622627465575217e-04
3.721622627465575217e-04
0.000000000000000000e+00
3.721622627465575217e-04
1.860811313732787609e-04
2.481081751643716992e-04
3.230964614705230742e-04
3.721622627465575217e-04
3.721622627465575217e-04
3.721622627465575217e-04
3.721622627465575217e-04
2.791216970599181548e-04
2.481081751643716992e-04
3.721622627465575217e-04
2.264299212572855151e-04
2.213317042669504071e-04
3.721622627465575217e-04
3.721622627465575217e-04
7.796087417257888553e-04
3.721622627465575217e-04
0.000000000000000000e+00
3.721622627465575217e-04
3.721622627465575217e-04
0.000000000000000000e+00
3.721622627465575217e-04
2.481081751643716992e-04
3.721622627465575217e-04
3.721622627465575217e-04
2.791216970599181548e-04
3.721622627465575217e-04
2.757809550670528337e-04
3.721622627465575217e-04
1.300514461357152091e-04
5.971271216650116467e-04
2.120288806666670431e-04
0.000000000000000000e+00
3.721622627465575217e-04
3.721622627465575217e-04
3.721622627465575217e-04
3.721622627465575217e-04
3.721622627465575217e-04
3.721622627465575217e-04
3.721622627465575217e-04
3.721622627465575217e-04
0.000000000000000000e+00
1.860811313732787609e-04
1.860811313732787609e-04
3.721622627465575217e-04
2.481081751643716992e-04
3.721622627465575217e-04
3.230964614705230742e-04
3.721622627465575217e-04
1.240540875821858496e-04
3.721622627465575217e-04
3.721622627465575217e-04
3.721622627465575217e-04
2.430816678499276217e-04
3.721622627465575217e-04
2.164442060004857565e-04
6.405124876624003526e-04
0.000000000000000000e+00
1.488649050986229924e-04
3.721622627465575217e-04
3.721622627465575217e-04
3.721622627465575217e-04
3.721622627465575217e-04
3.721622627465575217e-04
3.721622627465575217e-04
3.721622627465575217e-04
3.721622627465575217e-04
3.721622627465575217e-04
3.721622627465575217e-04
3.721622627465575217e-04
3.721622627465575217e-04
2.765592804576418170e-04
0.000000000000000000e+00
3.721622627465575217e-04
3.721622627465575217e-04
2.683502249158429935e-04
3.721622627465575217e-04
3.721622627465575217e-04
3.721622627465575217e-04
1.949025636771271625e-04
3.721622627465575217e-04
8.868209397475506879e-04
3.721622627465575217e-04
1.528849201303950490e-04
1.488649050986230087e-03
3.721622627465575217e-04
3.721622627465575217e-04
6.538463764087521770e-04
7.711220309045526333e-04
2.264299212572855151e-04
3.721622627465575217e-04
5.297677729947855834e-04
3.721622627465575217e-04
3.721622627465575217e-04
0.000000000000000000e+00
3.721622627465575759e-04
