3.752345215759849903e-03
4.690431519699812379e-04
4.690431519699812379e-04
3.517823639774859284e-04
1.092708679695643479e-04
4.690431519699812379e-04
1.563477173233271064e-04
4.690431519699812379e-04
4.690431519699812379e-04
4.690431519699812379e-04
9.380863039399624757e-04
4.690431519699812379e-04
4.690431519699812379e-04
4.690431519699812379e-04
0.000000000000000000e+00
0.000000000000000000e+00
4.690431519699812379e-04
1.563477173233271064e-04
3.517823639774859284e-04
1.876172607879924951e-03
4.690431519699812812e-03
4.690431519699812379e-04
4.690431519699812379e-04
4.690431519699812379e-04
3.783178219431187410e-04
1.563477173233271064e-04
4.690431519699812379e-04
5.288850056556632095e-04
3.517823639774859826e-04
4.690431519699812379e-04
0.000000000000000000e+00
3.502037419055865474e-04
0.000000000000000000e+00
3.517823639774859284e-04
2.345215759849906406e-03
1.876172607879924951e-03
1.563477173233271064e-04
1.217214172553543819e-03
4.462475433428078511e-04
6.841879547552065901e-04
4.690431519699812379e-04
4.690431519699812379e-04
4.690431519699812379e-04
4.690431519699812379e-04
4.690431519699812379e-04
4.690431519699812379e-04
3.752345215759849361e-04
4.690431519699812379e-04
4.690431519699812379e-04
2.601307843041958802e-04
5.455774685959710515e-04
4.462475433428078511e-04
3.517823639774859826e-04
3.382068735219840964e-04
1.606174434395249949e-03
2.345215759849906189e-04
9.380863039399623402e-05
4.462475433428078511e-04
5.159474671669793400e-03
3.155926651133689588e-04
3.752345215759849361e-04
1.473430154030275967e-04
3.398632493545090819e-04
2.063789868667917360e-02
9.380863039399624757e-04
2.010184937014205305e-04
1.563477173233271064e-04
4.690431519699812379e-04
4.690431519699812379e-04
4.690431519699812379e-04
3.265842839297718810e-04
1.876172607879924680e-04
4.131948729421733822e-04
0.000000000000000000e+00
4.690431519699812379e-04
4.025308677559028968e-04
4.690431519699812379e-04
5.181701882011225269e-04
4.690431519699812379e-04
4.394802657992296453e-04
2.345215759849906731e-04
3.126954346466542128e-04
2.638367729831145141e-04
3.517823639774859284e-04
0.000000000000000000e+00
5.628517823639774854e-03
0.000000000000000000e+00
4.213666934780737976e-04
4.690431519699812379e-04
3.642913701881995243e-04
4.690431519699812379e-04
4.690431519699812379e-04
4.690431519699812379e-04
3.126954346466542128e-04
4.690431519699812379e-04
9.380863039399623402e-05
4.690431519699812379e-04
0.000000000000000000e+00
4.347301454248839745e-04
4.690431519699811837e-04
8.911819887429643303e-03
6.097560975609756309e-03
1.308362784479970872e-04
0.000000000000000000e+00
1.876172607879924680e-04
3.517823639774859284e-04
0.000000000000000000e+00
5.170784660330060480e-04
8.441220069394554052e-04
4.583292664238366012e-04
7.596115287626518161e-04
0.000000000000000000e+00
3.978137179498765865e-04
4.690431519699812379e-04
3.283302063789868882e-03
1.876172607879924951e-03
0.000000000000000000e+00
3.740930086923173036e-04
7.566356438862375904e-04
4.690431519699812379e-04
2.601307843041958802e-04
4.690431519699812379e-04
4.690431519699812379e-04
2.345215759849906731e-04
3.752345215759849361e-04
4.850229920158431610e-04
3.517823639774859284e-04
4.690431519699812379e-04
2.434528370988756898e-04
2.492763559090762347e-04
2.680246582685607074e-04
3.619666697625939880e-04
0.000000000000000000e+00
4.690431519699812379e-04
1.876172607879924951e-03
5.387073124931972571e-04
1.563477173233271064e-04
1.236771182258016412e-04
4.690431519699812379e-04
2.345215759849906189e-04
0.000000000000000000e+00
4.690431519699812379e-04
4.690431519699812379e-04
4.690431519699812379e-04
3.752345215759849361e-04
4.690431519699812379e-04
4.345165088566798001e-04
4.690431519699812379e-04
2.473542364516032824e-04
4.690431519699812379e-04
1.545963977822520515e-04
1.219512195121951262e-02
4.690431519699812379e-04
4.690431519699812379e-04
2.345215759849906189e-04
4.690431519699812379e-04
4.690431519699812379e-04
0.000000000000000000e+00
4.690431519699812379e-04
4.690431519699812379e-04
1.236771182258016412e-04
3.517823639774859826e-04
4.690431519699812379e-04
1.876172607879924951e-03
3.850599288222132481e-04
1.407129455909943714e-03
4.690431519699812379e-04
3.642913701881995243e-04
1.563477173233271064e-04
3.667428273989063671e-04
9.380863039399624757e-04
7.703605646491788576e-04
4.690431519699812379e-04
4.690431519699812379e-04
3.517823639774859284e-04
1.172607879924953095e-04
2.616725568959941744e-04
0.000000000000000000e+00
0.000000000000000000e+00
3.037024920542036300e-04
2.519496694433039693e-04
4.995679992984218120e-04
3.283302063789868882e-03
4.690431519699812379e-04
1.265933397906200296e-03
0.000000000000000000e+00
7.504690431519699806e-03
4.690431519699812379e-04
7.275638180869022304e-04
7.512499120232034354e-04
0.000000000000000000e+00
3.441804575480090578e-04
1.125703564727954971e-02
1.698287515193690753e-04
2.345215759849906406e-03
4.690431519699812379e-04
3.283084153179957349e-04
2.345215759849906406e-03
0.000000000000000000e+00
0.000000000000000000e+00
1.407129455909943714e-03
4.690431519699812379e-04
2.473542364516032824e-04
1.118472797535229176e-03
3.312335969771240327e-03
5.621215235008824619e-04
3.840212461420592239e-04
3.642913701881995243e-04
4.690431519699812379e-04
0.000000000000000000e+00
0.000000000000000000e+00
4.690431519699812921e-04
9.380863039399624757e-04
4.690431519699811837e-04
0.000000000000000000e+00
3.565607567691691008e-04
2.514405870117420220e-04
6.102737000312694320e-04
3.752345215759849903e-03
1.265933397906200296e-03
0.000000000000000000e+00
1.563477173233271064e-04
1.563477173233271064e-04
5.150183687397662680e-04
4.690431519699812379e-04
4.690431519699812379e-04
5.511355782290964546e-04
1.236771182258016412e-04
5.621215235008824619e-04
4.690431519699812812e-03
0.000000000000000000e+00
2.345215759849906189e-04
2.345215759849906189e-04
6.971167529850055226e-04
4.787987076526754502e-04
4.690431519699812379e-04
4.690431519699812379e-04
4.690431519699812379e-04
7.512499120232034354e-04
6.097560975609756309e-03
4.690431519699812379e-04
5.288850056556631011e-04
2.157598499061913824e-02
1.003305756239678210e-03
5.052163901496567857e-04
1.407129455909943714e-03
9.380863039399624757e-04
4.462475433428078511e-04
4.690431519699812379e-04
4.690431519699812379e-04
1.071677977328376477e-03
4.690431519699811837e-04
4.690431519699812379e-04
4.690431519699812379e-04
8.670329115955391830e-04
9.380863039399624757e-04
1.236771182258016412e-04
2.216889155183779825e-04
4.690431519699811837e-04
1.412305480612881942e-04
3.494049694909144598e-04
6.596707354933871188e-04
4.690431519699812379e-04
8.715952603270914895e-03
4.690431519699812379e-04
3.517823639774859284e-04
4.690431519699812379e-04
5.863039399624766015e-04
1.331102593789092788e-04
1.876172607879924951e-03
4.690431519699812379e-04
4.690431519699812379e-04
5.628517823639774854e-03
2.345215759849906406e-03
4.167283586314462617e-04
0.000000000000000000e+00
5.440621336865329770e-04
4.690431519699812379e-04
2.345215759849906189e-04
6.734783905526369211e-04
1.733969524408904674e-03
2.345215759849906189e-04
0.000000000000000000e+00
4.690431519699812379e-04
5.150183687397662680e-04
4.690431519699812379e-04
4.690431519699812379e-04
1.172607879924953095e-04
1.563477173233271064e-04
3.840212461420592239e-04
2.514405870117420220e-04
4.690431519699812379e-04
2.616725568959941744e-04
4.690431519699812379e-04
4.690431519699812379e-04
3.642913701881995243e-04
1.236771182258016412e-04
7.504690431519699806e-03
4.690431519699812379e-04
2.345215759849906189e-04
1.563477173233271064e-04
3.642913701881995243e-04
9.417231493672399267e-04
8.491437575968453766e-05
0.000000000000000000e+00
4.690431519699812379e-04
4.433778310367559651e-04
0.000000000000000000e+00
2.414137721620403904e-04
3.908692933083177524e-04
3.382068735219840964e-04
1.563477173233271064e-04
4.690431519699812379e-04
2.345215759849906189e-04
3.840212461420592239e-04
4.690431519699812379e-04
4.690431519699812379e-04
4.690431519699812379e-04
3.908692933083177524e-04
4.690431519699812379e-04
1.500938086303939961e-02
4.020415506387038044e-04
4.690431519699812379e-04
4.602289925972356593e-04
4.690431519699812379e-04
4.690431519699812379e-04
2.345215759849906189e-04
4.690431519699812379e-04
5.175987915353090583e-04
4.690431519699812379e-04
5.387073124931972571e-04
9.380863039399624757e-04
0.000000000000000000e+00
4.690431519699812379e-04
4.690431519699812379e-04
4.690431519699812379e-04
4.690431519699812379e-04
4.690431519699812379e-04
3.908692933083177524e-04
1.563477173233271064e-04
6.767431702668077554e-04
4.690431519699812379e-04
2.345215759849906189e-04
4.690431519699812379e-04
4.690431519699812379e-04
2.216889155183779825e-04
4.690431519699812379e-04
6.102737000312694320e-04
4.690431519699812379e-04
4.690431519699813463e-04
0.000000000000000000e+00
4.690431519699812379e-04
5.623686699512283303e-04
6.700616456714017684e-05
1.563477173233271064e-04
3.350308228357008842e-04
5.739068033774751172e-04
5.231479333853492194e-05
5.123407090082343022e-04
3.840212461420592239e-04
4.690431519699812379e-04
0.000000000000000000e+00
2.345215759849906731e-04
8.783250711751192964e-04
4.690431519699812379e-04
4.690431519699812379e-04
4.690431519699812379e-04
7.035647279549719652e-04
4.690431519699812379e-04
4.690431519699812379e-04
5.621215235008824619e-04
4.690431519699812379e-04
4.690431519699812379e-04
1.563477173233271064e-04
8.659511407650600666e-05
1.407129455909943714e-03
5.123407090082343022e-04
0.000000000000000000e+00
0.000000000000000000e+00
4.690431519699812379e-04
4.341869650533545372e-04
2.931519699812383550e-04
4.690431519699812379e-04
0.000000000000000000e+00
4.690431519699812379e-04
2.642872496854776175e-03
1.407129455909943714e-03
4.690431519699812379e-04
4.690431519699812379e-04
5.010028320617050841e-04
4.690431519699813463e-04
4.690431519699812379e-04
2.760661215468941925e-03
2.345215759849906189e-04
5.052163901496567857e-04
1.092708679695643479e-04
4.690431519699812812e-03
0.000000000000000000e+00
4.690431519699812379e-04
4.690431519699812812e-03
1.639063019543465219e-04
0.000000000000000000e+00
4.690431519699812379e-04
4.690431519699812379e-04
5.175987915353090583e-04
4.690431519699812379e-04
3.752345215759849361e-04
1.407129455909943714e-03
1.236771182258016412e-04
4.047244193099843812e-04
1.841254158895624699e-04
1.841254158895624699e-04
4.690431519699812379e-04
4.690431519699812379e-04
4.131948729421733822e-04
4.690431519699812379e-04
4.690431519699812379e-04
1.279208596281767012e-04
2.514405870117420220e-04
4.690431519699812379e-04
4.690431519699812379e-04
3.908692933083177524e-04
4.690431519699812379e-04
4.690431519699812379e-04
0.000000000000000000e+00
4.690431519699812379e-04
2.616725568959941744e-04
1.315677879133982748e-03
1.407129455909943714e-03
2.345215759849906406e-03
7.504690431519699806e-03
0.000000000000000000e+00
4.690431519699812379e-04
3.804187185932876190e-04
4.690431519699812379e-04
4.690431519699812379e-04
1.407129455909943714e-03
1.876172607879924951e-03
3.361065019049408638e-04
1.607250185181956746e-04
5.387073124931972571e-04
2.638367729831145141e-04
4.345165088566798001e-04
1.407129455909943714e-03
2.814258911819887427e-04
4.690431519699812379e-04
4.690431519699812379e-04
4.690431519699812379e-04
5.109142033636827809e-04
4.690431519699812379e-04
3.850599288222132481e-04
3.781531525471787695e-04
4.690431519699812379e-04
4.690431519699812379e-04
1.407129455909943714e-03
1.092708679695643479e-04
4.690431519699812379e-04
4.690431519699812379e-04
1.092708679695643479e-04
0.000000000000000000e+00
9.263272290028577022e-04
4.690431519699812379e-04
7.146200392645859524e-04
2.514405870117420220e-04
4.690431519699812379e-04
9.380863039399624757e-04
2.010184937014205305e-04
4.690431519699812379e-04
4.690431519699812379e-04
3.908692933083177524e-04
5.540441982450146526e-04
4.690431519699812379e-04
2.514405870117420220e-04
3.978137179498765865e-04
9.380863039399624757e-04
0.000000000000000000e+00
2.345215759849906731e-04
7.504690431519699806e-03
2.345215759849906731e-04
1.350011719834141432e-03
2.514405870117420220e-04
4.690431519699812379e-04
5.175987915353090583e-04
3.332542969842000949e-03
1.013451254462663462e-03
1.092708679695643479e-04
3.283084153179957349e-04
3.752345215759849903e-03
4.690431519699812379e-04
1.293832161393603203e-04
2.345215759849906189e-04
7.631951368328273363e-04
4.690431519699812379e-04
4.690431519699812379e-04
1.030009456861309116e-03
7.854479267921188421e-04
5.181701882011225269e-04
2.345215759849906731e-04
3.925088353439912616e-04
1.407129455909943443e-04
4.690431519699812379e-04
4.690431519699812379e-04
4.690431519699812379e-04
4.690431519699812379e-04
0.000000000000000000e+00
2.514405870117420220e-04
4.690431519699812379e-04
1.876172607879924680e-04
4.690431519699812379e-04
4.690431519699812379e-04
4.690431519699812379e-04
2.010184937014205305e-04
4.690431519699812379e-04
3.565607567691691550e-04
3.177152703031071437e-04
4.690431519699812379e-04
4.690431519699812379e-04
4.690431519699812379e-04
4.690431519699812379e-04
1.969981238273921242e-02
4.272517007622780318e-04
4.690431519699812379e-04
1.092708679695643479e-04
3.283084153179957349e-04
2.345215759849906189e-04
4.690431519699812379e-04
4.690431519699812379e-04
4.690431519699812379e-04
4.690431519699812379e-04
4.690431519699812379e-04
0.000000000000000000e+00
9.263272290028577022e-04
4.690431519699812379e-04
2.369644307033160467e-04
6.899296096173034021e-04
4.690431519699812379e-04
4.690431519699812379e-04
6.820195669762364309e-04
4.690431519699812379e-04
2.814258911819886885e-04
4.690431519699812379e-04
3.283302063789868882e-03
0.000000000000000000e+00
2.345215759849906406e-03
9.380863039399624757e-04
4.690431519699812379e-04
4.690431519699812379e-04
4.690431519699812379e-04
4.690431519699812379e-04
7.492061454944508878e-04
0.000000000000000000e+00
4.690431519699812379e-04
4.690431519699812379e-04
2.135695480788102427e-04
0.000000000000000000e+00
3.874532515096036763e-04
0.000000000000000000e+00
4.690431519699812379e-04
4.690431519699812379e-04
4.690431519699812379e-04
4.368837856399827553e-04
4.690431519699812379e-04
4.690431519699812379e-04
0.000000000000000000e+00
0.000000000000000000e+00
6.102737000312694320e-04
4.690431519699812379e-04
0.000000000000000000e+00
4.690431519699812379e-04
1.092708679695643479e-04
4.690431519699812379e-04
1.563477173233271064e-04
4.417510139498975448e-04
1.841254158895624699e-04
1.172607879924953095e-04
4.690431519699812379e-04
0.000000000000000000e+00
3.517823639774859284e-04
4.690431519699812379e-04
4.433778310367559651e-04
5.501594504598818951e-04
1.279208596281767012e-04
4.690431519699812379e-04
4.690431519699811837e-04
0.000000000000000000e+00
0.000000000000000000e+00
1.969981238273921242e-02
5.863039399624766015e-04
4.690431519699812379e-04
1.876172607879924680e-04
4.291411833732036284e-04
7.709494644185967268e-04
4.577052750234520740e-04
4.690431519699812379e-04
4.690431519699812379e-04
3.669995551473940521e-04
3.126954346466542128e-04
3.642913701881995243e-04
3.740930086923173036e-04
4.690431519699812379e-04
5.615863028579988654e-04
4.690431519699812379e-04
2.393993538263377251e-04
3.642913701881995243e-04
4.887973394618458020e-04
9.417231493672399267e-04
2.414137721620403904e-04
3.685197943082438397e-04
0.000000000000000000e+00
4.690431519699812379e-04
4.690431519699812379e-04
4.690431519699812379e-04
2.345215759849906406e-03
4.690431519699812379e-04
0.000000000000000000e+00
4.690431519699812379e-04
1.172607879924953095e-04
5.288850056556631011e-04
4.690431519699813463e-04
2.814258911819887427e-04
4.563216752401217215e-04
4.690431519699812379e-04
9.380863039399624757e-04
0.000000000000000000e+00
4.690431519699812379e-04
0.000000000000000000e+00
9.380863039399624757e-04
4.487331615205830291e-04
4.690431519699812379e-04
1.876172607879924680e-04
4.690431519699812379e-04
4.690431519699812379e-04
4.690431519699812379e-04
4.025308677559028968e-04
4.690431519699812379e-04
4.690431519699812379e-04
1.331102593789092788e-04
4.690431519699812379e-04
4.690431519699812379e-04
4.690431519699812379e-04
0.000000000000000000e+00
6.413140882930914045e-04
3.126954346466542128e-04
4.690431519699812379e-04
0.000000000000000000e+00
4.690431519699812379e-04
0.000000000000000000e+00
0.000000000000000000e+00
4.462475433428078511e-04
4.462475433428078511e-04
3.837625788845301037e-04
2.514405870117420220e-04
1.607250185181956746e-04
4.690431519699812379e-04
4.131948729421733822e-04
5.387073124931972571e-04
4.690431519699812379e-04
4.690431519699812379e-04
0.000000000000000000e+00
4.690431519699812379e-04
4.690431519699812379e-04
4.690431519699812379e-04
4.690431519699812379e-04
8.491437575968453766e-05
4.690431519699812379e-04
9.380863039399623402e-05
3.404056866499876330e-04
0.000000000000000000e+00
0.000000000000000000e+00
4.690431519699812379e-04
4.690431519699812379e-04
4.690431519699812379e-04
4.690431519699812379e-04
4.690431519699812379e-04
4.690431519699812379e-04
0.000000000000000000e+00
4.690431519699812379e-04
4.690431519699812379e-04
0.000000000000000000e+00
4.690431519699812379e-04
0.000000000000000000e+00
9.380863039399624757e-04
4.690431519699812379e-04
4.690431519699812379e-04
4.690431519699812379e-04
4.690431519699812379e-04
3.126954346466542128e-04
2.616725568959941744e-04
3.185047991327586087e-04
2.659971266017665810e-04
3.126954346466542128e-04
4.291411833732036284e-04
1.563477173233271064e-04
4.690431519699812379e-04
4.690431519699812379e-04
4.690431519699812379e-04
4.690431519699812379e-04
4.690431519699812379e-04
1.876172607879924951e-03
5.159474671669793400e-03
4.690431519699812379e-04
4.690431519699812379e-04
4.690431519699812379e-04
4.690431519699812379e-04
4.690431519699812379e-04
1.553417851258304594e-03
4.131948729421733822e-04
1.407129455909943443e-04
3.046544613585417164e-04
8.865352064978953162e-04
2.345215759849906189e-04
4.690431519699812379e-04
4.690431519699812379e-04
4.690431519699812379e-04
4.690431519699812379e-04
4.690431519699812379e-04
1.374916155284089956e-03
3.517823639774859826e-04
3.283302063789868882e-03
4.690431519699812379e-04
2.345215759849906189e-04
3.667428273989064213e-04
2.157598499061913824e-02
8.398322314776800331e-05
2.814258911819887427e-04
0.000000000000000000e+00
4.690431519699812379e-04
5.387073124931972571e-04
7.817385866166355049e-04
3.840212461420592239e-04
2.345215759849906189e-04
2.616725568959941744e-04
4.690431519699812379e-04
4.265846810845882846e-04
4.433778310367559651e-04
4.690431519699812379e-04
4.568237096534433499e-04
1.563477173233271064e-04
4.690431519699812379e-04
2.345215759849906406e-03
2.345215759849906189e-04
4.690431519699812379e-04
0.000000000000000000e+00
3.874532515096036763e-04
3.840212461420592239e-04
2.345215759849906189e-04
4.690431519699811837e-04
5.332139084179368400e-04
4.690431519699812379e-04
3.840212461420592239e-04
0.000000000000000000e+00
5.150183687397662680e-04
4.690431519699812379e-04
2.345215759849906189e-04
4.690431519699812379e-04
4.690431519699812379e-04
5.455774685959710515e-04
2.345215759849906189e-04
1.236771182258016412e-04
4.462475433428078511e-04
3.978137179498765865e-04
2.345215759849906406e-03
2.616725568959941744e-04
2.345215759849906406e-03
5.387073124931972571e-04
7.122943402010470555e-05
4.690431519699812379e-04
3.850599288222132481e-04
5.123407090082343022e-04
7.596115287626518161e-04
4.690431519699812379e-04
3.752345215759849361e-04
4.690431519699812379e-04
9.380863039399624757e-04
4.690431519699812379e-04
7.492061454944508878e-04
4.690431519699812379e-04
6.764137470439681929e-04
2.010184937014205305e-04
4.690431519699812379e-04
4.690431519699812379e-04
4.690431519699812379e-04
1.876172607879924680e-04
4.690431519699812379e-04
1.563477173233271064e-04
0.000000000000000000e+00
0.000000000000000000e+00
4.690431519699812379e-04
4.690431519699812379e-04
2.616725568959941744e-04
4.079729233920602327e-04
4.690431519699812379e-04
5.170784660330060480e-04
4.020415506387038044e-04
4.994681525452164582e-04
0.000000000000000000e+00
4.690431519699812379e-04
4.690431519699812379e-04
3.091927955645041031e-04
4.690431519699812379e-04
5.359103290537831467e-04
1.041575939673644981e-03
4.690431519699812379e-04
3.941189283961982399e-04
2.345215759849906406e-03
3.498701612012226816e-04
2.875924919162562983e-04
2.470931306574393905e-04
3.752345215759849361e-04
2.345215759849906189e-04
7.596115287626518161e-04
1.563477173233271064e-04
4.690431519699812379e-04
5.288850056556632095e-04
4.690431519699812379e-04
1.236771182258016412e-04
4.690431519699812379e-04
5.052163901496567857e-04
2.345215759849906731e-04
5.387073124931972571e-04
3.010767056744452583e-04
4.690431519699812379e-04
3.752345215759849361e-04
4.722310306934836559e-04
1.679664462955359795e-04
4.690431519699812379e-04
4.690431519699812379e-04
0.000000000000000000e+00
0.000000000000000000e+00
4.690431519699812379e-04
4.690431519699812379e-04
4.690431519699812379e-04
4.690431519699812379e-04
9.380863039399624757e-04
4.690431519699812379e-04
0.000000000000000000e+00
4.690431519699811837e-04
7.215152161826173189e-04
4.690431519699812379e-04
3.752345215759849361e-04
4.690431519699812379e-04
2.275957871552915560e-04
9.380863039399624757e-04
4.690431519699812379e-04
1.172607879924953095e-04
2.814258911819887427e-04
4.690431519699812379e-04
4.690431519699812379e-04
4.690431519699812379e-04
0.000000000000000000e+00
0.000000000000000000e+00
5.387073124931972571e-04
0.000000000000000000e+00
6.166362669035710181e-04
7.492061454944508878e-04
4.690431519699812379e-04
3.837625788845301037e-04
4.690431519699812379e-04
4.020415506387038044e-04
1.563477173233271064e-04
3.837625788845301037e-04
1.598503564054771619e-04
4.690431519699812379e-04
5.501594504598818951e-04
4.690431519699812379e-04
0.000000000000000000e+00
4.690431519699812379e-04
1.059311543555091191e-03
1.236771182258016412e-04
2.345215759849906406e-03
4.690431519699812379e-04
4.690431519699812379e-04
2.345215759849906406e-03
2.369644307033160467e-04
3.494049694909144598e-04
0.000000000000000000e+00
1.607250185181956746e-04
4.690431519699812379e-04
0.000000000000000000e+00
2.345215759849906731e-04
2.369644307033160467e-04
3.517823639774859284e-04
4.690431519699812379e-04
4.690431519699812379e-04
4.690431519699812379e-04
1.279208596281767012e-04
3.752345215759849361e-04
4.690431519699812379e-04
0.000000000000000000e+00
4.463673980769229102e-04
2.345215759849906406e-03
1.236771182258016412e-04
2.359107238801017850e-04
3.565607567691691008e-04
2.931519699812383550e-04
1.563477173233271064e-04
2.073705950739870092e-04
3.752345215759849361e-04
3.642913701881995243e-04
9.380863039399624757e-04
2.824610961225763883e-04
4.690431519699812379e-04
0.000000000000000000e+00
4.690431519699812379e-04
4.690431519699812379e-04
4.690431519699812379e-04
0.000000000000000000e+00
4.690431519699812379e-04
0.000000000000000000e+00
0.000000000000000000e+00
0.000000000000000000e+00
3.619666697625939880e-04
2.345215759849906189e-04
1.172607879924953095e-04
1.563477173233271064e-04
3.837625788845301037e-04
5.623686699512283303e-04
0.000000000000000000e+00
1.380466495780750770e-03
4.690431519699812379e-04
4.570041043658568353e-04
1.236771182258016412e-04
2.345215759849906189e-04
4.690431519699812379e-04
4.690431519699812379e-04
4.433778310367559651e-04
2.073705950739870092e-04
3.517823639774859284e-04
4.690431519699812379e-04
1.876172607879924951e-03
2.345215759849906189e-04
5.628517823639773770e-04
4.570041043658568353e-04
4.131948729421733822e-04
3.858997705519677046e-04
0.000000000000000000e+00
3.234286920178722669e-04
4.690431519699812379e-04
0.000000000000000000e+00
4.690431519699812379e-04
2.814258911819887427e-04
3.517823639774859284e-04
1.755433855913906410e-04
2.278256621377941873e-04
1.876172607879924680e-04
1.407129455909943714e-03
4.690431519699812379e-04
2.216889155183779825e-04
0.000000000000000000e+00
3.752345215759849361e-04
4.690431519699813463e-04
5.381995470624166902e-04
4.690431519699812379e-04
4.690431519699812379e-04
4.690431519699812921e-04
4.690431519699812812e-03
3.925088353439912616e-04
2.345215759849906189e-04
3.752345215759849903e-03
2.058161012170351832e-04
1.172607879924953095e-04
4.690431519699813463e-04
2.618763770917724703e-03
3.840212461420592239e-04
3.642913701881995243e-04
5.010028320617050841e-04
4.690431519699812379e-04
0.000000000000000000e+00
2.345215759849906189e-04
0.000000000000000000e+00
4.690431519699812379e-04
6.030554811042615915e-04
4.690431519699812379e-04
1.071500123454637921e-04
1.876172607879924680e-04
0.000000000000000000e+00
0.000000000000000000e+00
1.607250185181956746e-04
4.690431519699813463e-04
4.690431519699812379e-04
4.690431519699812379e-04
0.000000000000000000e+00
4.690431519699812379e-04
2.058161012170351832e-04
4.690431519699811837e-04
4.690431519699811837e-04
4.690431519699812379e-04
4.690431519699812379e-04
4.690431519699812379e-04
4.690431519699812379e-04
5.150183687397662680e-04
4.690431519699812379e-04
4.690431519699812379e-04
4.690431519699812379e-04
4.463673980769229102e-04
1.876172607879924680e-04
3.908692933083177524e-04
3.908692933083177524e-04
0.000000000000000000e+00
3.411222923418045366e-04
4.690431519699812379e-04
4.690431519699812379e-04
4.690431519699812379e-04
6.097560975609756309e-03
4.690431519699813463e-04
0.000000000000000000e+00
2.345215759849906189e-04
2.578621536980535032e-04
4.690431519699812379e-04
4.690431519699812379e-04
4.690431519699812379e-04
4.433778310367559651e-04
2.278256621377941873e-04
3.908692933083177524e-04
5.387073124931972571e-04
3.350308228357008842e-04
9.380863039399624757e-04
2.514405870117420220e-04
9.223304181664399113e-04
4.690431519699812379e-04
4.690431519699812379e-04
4.690431519699812379e-04
0.000000000000000000e+00
3.126954346466542128e-04
4.690431519699812379e-04
4.690431519699812379e-04
0.000000000000000000e+00
3.850599288222132481e-04
2.157598499061913824e-02
4.690431519699812379e-04
2.644425028278315506e-04
5.704544685760626864e-04
9.419183263160553704e-04
4.690431519699812379e-04
2.814258911819887427e-03
2.345215759849906189e-04
4.433778310367559651e-04
4.463673980769229102e-04
0.000000000000000000e+00
2.345215759849906189e-04
4.563216752401217215e-04
2.824610961225763883e-04
6.700616456714017684e-05
4.690431519699812379e-04
4.690431519699812379e-04
4.690431519699812379e-04
4.690431519699812379e-04
4.690431519699812379e-04
4.690431519699812379e-04
4.690431519699812379e-04
1.407129455909943714e-03
0.000000000000000000e+00
7.267282442424804600e-04
3.126954346466542128e-04
4.690431519699812379e-04
3.591249145949309304e-04
4.690431519699812379e-04
4.690431519699812379e-04
4.690431519699812379e-04
3.126954346466542128e-04
4.690431519699812379e-04
3.941189283961982399e-04
2.505014160308525421e-04
3.850599288222132481e-04
4.690431519699812379e-04
3.908692933083177524e-04
6.591623145605354176e-04
3.917319640921407362e-04
4.690431519699812379e-04
4.690431519699812379e-04
4.690431519699812379e-04
4.462475433428078511e-04
3.840212461420592239e-04
3.350308228357008842e-04
3.494049694909144598e-04
1.085025025684040710e-03
3.283302063789868882e-03
3.752345215759849361e-04
4.690431519699812379e-04
4.690431519699812379e-04
4.982466030122289493e-04
4.690431519699812379e-04
3.840212461420592239e-04
3.840212461420592239e-04
4.690431519699812379e-04
4.690431519699812379e-04
1.225571757514164195e-03
4.690431519699812379e-04
7.596115287626518161e-04
4.690431519699812379e-04
4.690431519699812379e-04
4.690431519699812379e-04
4.690431519699812379e-04
4.690431519699812379e-04
5.181701882011225269e-04
4.690431519699812379e-04
2.739075068700661474e-04
4.690431519699812379e-04
3.155926651133689588e-04
4.690431519699812379e-04
4.690431519699812379e-04
4.690431519699812379e-04
0.000000000000000000e+00
9.380863039399624757e-04
1.407129455909943714e-03
6.109956078199697306e-04
9.380863039399624757e-04
0.000000000000000000e+00
1.300854478589990064e-03
4.690431519699812379e-04
1.205395029943143615e-03
1.782803783845845558e-03
4.690431519699812379e-04
4.690431519699812379e-04
0.000000000000000000e+00
5.052163901496567857e-04
5.048940944847130031e-04
4.690431519699812379e-04
5.038993388866080470e-04
4.690431519699812379e-04
1.407129455909943714e-03
1.814506600537249396e-04
7.275638180869022304e-04
3.752345215759849903e-03
4.690431519699812379e-04
4.690431519699812379e-04
9.957247166552409250e-04
3.155926651133689588e-04
2.345215759849906406e-03
4.690431519699812379e-04
4.690431519699812379e-04
5.052163901496567857e-04
7.083538588051884214e-04
4.690431519699812379e-04
3.611632270168855380e-02
2.345215759849906406e-03
9.380863039399624757e-04
5.188616700699967945e-04
1.713763375206788994e-02
0.000000000000000000e+00
1.118472797535229176e-03
0.000000000000000000e+00
4.690431519699812379e-04
6.504938120237061232e-04
1.876172607879924951e-03
9.436814056331440780e-04
4.506519203681475720e-04
4.690431519699812379e-04
4.690431519699812379e-04
4.690431519699812379e-04
4.690431519699812379e-04
3.463189299739092143e-04
0.000000000000000000e+00
4.690431519699812379e-04
4.690431519699812379e-04
3.126954346466542128e-04
3.517823639774859284e-04
2.814258911819886885e-04
4.690431519699812379e-04
8.540419588542147791e-03
3.517823639774859284e-04
2.345215759849906189e-04
4.690431519699813463e-04
4.690431519699812379e-04
4.690431519699812379e-04
4.690431519699812379e-04
4.690431519699812379e-04
4.025308677559028968e-04
9.223304181664399113e-04
9.380863039399623402e-05
2.157598499061913824e-02
7.512499120232034354e-04
9.380863039399624757e-04
1.003305756239678210e-03
4.690431519699812379e-04
2.157598499061913824e-02
4.690431519699812379e-04
5.052163901496567857e-04
1.300987624047412463e-03
3.611632270168855380e-02
4.690431519699812379e-04
4.690431519699812379e-04
1.471497699053934093e-03
1.876172607879924680e-04
0.000000000000000000e+00
4.690431519699812379e-04
2.345215759849906406e-03
4.690431519699812379e-04
4.690431519699812379e-04
3.589871655668957617e-04
4.690431519699812379e-04
3.155926651133689588e-04
0.000000000000000000e+00
4.690431519699812379e-04
4.690431519699812379e-04
4.462475433428078511e-04
1.639063019543465219e-04
5.387073124931972571e-04
3.954959486896038106e-04
0.000000000000000000e+00
5.704544685760626864e-04
9.787062848387590016e-05
4.690431519699812379e-04
1.248307202978359096e-03
1.003305756239678210e-03
4.433778310367559651e-04
4.690431519699812379e-04
4.690431519699812379e-04
4.690431519699812379e-04
1.841254158895624699e-04
0.000000000000000000e+00
4.690431519699812379e-04
4.690431519699812379e-04
3.548732162176706823e-04
4.690431519699812379e-04
4.690431519699812379e-04
7.811419239243577641e-04
2.170934825266772686e-04
4.690431519699812379e-04
2.659971266017665810e-04
7.504690431519699806e-03
4.690431519699812379e-04
6.021534113488905167e-04
0.000000000000000000e+00
4.690431519699812379e-04
4.690431519699812379e-04
3.840212461420592239e-04
7.512499120232034354e-04
4.690431519699812379e-04
3.752345215759849903e-03
4.690431519699812379e-04
5.635388036612560712e-04
4.690431519699812379e-04
4.690431519699812379e-04
4.690431519699812379e-04
4.690431519699812379e-04
4.690431519699812379e-04
9.380863039399626926e-04
4.690431519699812379e-04
4.690431519699812379e-04
2.345215759849906189e-04
3.642913701881995243e-04
1.607250185181956746e-04
4.690431519699812379e-04
4.690431519699812379e-04
3.037024920542036300e-04
2.345215759849906189e-04
2.345215759849906189e-04
7.817385866166355320e-05
3.850599288222132481e-04
4.690431519699812379e-04
4.690431519699812379e-04
1.876172607879924680e-04
0.000000000000000000e+00
3.908692933083177524e-04
3.037024920542036300e-04
3.565607567691691008e-04
4.690431519699812379e-04
4.690431519699812379e-04
4.690431519699812379e-04
9.223304181664399113e-04
5.175987915353090583e-04
4.690431519699812379e-04
0.000000000000000000e+00
5.276735459662289197e-04
4.462475433428078511e-04
0.000000000000000000e+00
4.690431519699812379e-04
4.690431519699812379e-04
2.345215759849905918e-04
3.908692933083177524e-04
0.000000000000000000e+00
3.840212461420592239e-04
4.690431519699812379e-04
4.690431519699812379e-04
2.345215759849906731e-04
9.380863039399623402e-05
7.232741038582220314e-04
2.345215759849906189e-04
4.690431519699812379e-04
4.147411901479740185e-04
4.978623583276204625e-04
4.690431519699813463e-04
4.690431519699812379e-04
1.124823952008121100e-04
4.690431519699812379e-04
5.387073124931972571e-04
5.387073124931972571e-04
3.517823639774859284e-04
0.000000000000000000e+00
5.010028320617050841e-04
5.052163901496567857e-04
0.000000000000000000e+00
9.380863039399624757e-04
4.690431519699812379e-04
4.690431519699814005e-04
4.690431519699812379e-04
4.690431519699812379e-04
1.172607879924953095e-04
1.407129455909943443e-04
4.690431519699812379e-04
4.690431519699812379e-04
3.126954346466542128e-04
4.690431519699812379e-04
1.407129455909943714e-03
4.690431519699812379e-04
9.481026055765834912e-04
4.690431519699812379e-04
4.690431519699812379e-04
4.690431519699812379e-04
4.690431519699812379e-04
4.690431519699813463e-04
0.000000000000000000e+00
4.690431519699812379e-04
4.690431519699812379e-04
2.170934825266772686e-04
4.690431519699812379e-04
0.000000000000000000e+00
0.000000000000000000e+00
9.380863039399624757e-04
9.380863039399624757e-04
4.690431519699812379e-04
4.690431519699812379e-04
4.690431519699812379e-04
0.000000000000000000e+00
4.690431519699812379e-04
7.596235749963775119e-04
4.690431519699812379e-04
4.690431519699812379e-04
4.690431519699812379e-04
4.690431519699812379e-04
4.690431519699812379e-04
7.596115287626518161e-04
6.596707354933871188e-04
4.690431519699812379e-04
4.690431519699812379e-04
1.431940493905077246e-03
1.922348313937316403e-03
4.690431519699812379e-04
0.000000000000000000e+00
9.380863039399624757e-04
4.690431519699812379e-04
1.172607879924953095e-04
4.690431519699812379e-04
0.000000000000000000e+00
4.690431519699812379e-04
4.690431519699812379e-04
0.000000000000000000e+00
4.690431519699812379e-04
7.566356438862375904e-04
2.595785272926841802e-04
1.713763375206788994e-02
1.713763375206788994e-02
0.000000000000000000e+00
4.690431519699812379e-04
3.589871655668957617e-04
4.690431519699812379e-04
4.690431519699812379e-04
1.407129455909943714e-03
4.690431519699812379e-04
1.055347091932457839e-03
4.690431519699812379e-04
7.512499120232034354e-04
7.454891839584155619e-03
4.690431519699812379e-04
4.690431519699812379e-04
0.000000000000000000e+00
4.690431519699812379e-04
0.000000000000000000e+00
1.324052602740632240e-04
1.740427931217283525e-04
4.690431519699812379e-04
4.690431519699812379e-04
9.417231493672399267e-04
1.324052602740632240e-04
4.058482482263811217e-04
9.380863039399624757e-04
4.690431519699812379e-04
4.690431519699812379e-04
4.690431519699812379e-04
4.690431519699812379e-04
4.690431519699812379e-04
4.690431519699812379e-04
4.690431519699812379e-04
4.690431519699812379e-04
0.000000000000000000e+00
4.690431519699812379e-04
4.690431519699812379e-04
4.690431519699812379e-04
4.690431519699812379e-04
4.568237096534433499e-04
4.563216752401217215e-04
3.752345215759849361e-04
4.690431519699812379e-04
1.407129455909943714e-03
2.345215759849906189e-04
4.690431519699812379e-04
4.563216752401217215e-04
4.690431519699812379e-04
2.345215759849906189e-04
5.288850056556631011e-04
1.606174434395249949e-03
3.126954346466542128e-04
3.752345215759849361e-04
4.690431519699812379e-04
4.690431519699812379e-04
4.690431519699812379e-04
5.621215235008824619e-04
0.000000000000000000e+00
3.126954346466542128e-04
4.091875100410783664e-04
0.000000000000000000e+00
1.407129455909943714e-03
4.690431519699812379e-04
4.690431519699812379e-04
4.690431519699812379e-04
4.690431519699812812e-03
1.300839253316597114e-03
4.690431519699812379e-04
8.491437575968453766e-05
3.411222923418045366e-04
2.345215759849906189e-04
4.690431519699812379e-04
3.126954346466542128e-04
4.690431519699813463e-04
4.690431519699812379e-04
4.690431519699812379e-04
4.690431519699812379e-04
0.000000000000000000e+00
4.690431519699813463e-04
4.406995073129341915e-04
3.411222923418045366e-04
0.000000000000000000e+00
4.690431519699812379e-04
4.521814723450230254e-04
8.135850246162016795e-04
4.690431519699812379e-04
8.715952603270914895e-03
0.000000000000000000e+00
6.021534113488905167e-04
4.690431519699812379e-04
3.517823639774859284e-04
4.690431519699812379e-04
4.690431519699812379e-04
5.501594504598818951e-04
4.690431519699812379e-04
4.690431519699812379e-04
1.563477173233271064e-04
4.690431519699812379e-04
1.782803783845845558e-03
1.713763375206788994e-02
4.909051123186316395e-04
4.690431519699812379e-04
4.690431519699812379e-04
4.690431519699812379e-04
1.029448402672059407e-03
7.504690431519699806e-03
1.407129455909943714e-03
7.817385866166355320e-05
2.345215759849906406e-03
0.000000000000000000e+00
2.595785272926841802e-04
0.000000000000000000e+00
0.000000000000000000e+00
3.591249145949309304e-04
4.690431519699812379e-04
9.380863039399624757e-04
4.690431519699812379e-04
4.690431519699812379e-04
0.000000000000000000e+00
1.331102593789092788e-04
4.690431519699812379e-04
4.690431519699812379e-04
2.616725568959941744e-04
2.345215759849905918e-04
1.172607879924953095e-04
1.621421782567567340e-04
4.690431519699812379e-04
0.000000000000000000e+00
4.690431519699812379e-04
4.690431519699812379e-04
3.840212461420592239e-04
1.876172607879924951e-03
4.690431519699812379e-04
4.690431519699812379e-04
2.345215759849906406e-03
5.288850056556631011e-04
4.690431519699812379e-04
4.690431519699812379e-04
1.259578024733167033e-03
2.345215759849906189e-04
4.690431519699812379e-04
4.690431519699812379e-04
4.690431519699812379e-04
4.690431519699812379e-04
2.345215759849906189e-04
1.563477173233271064e-04
5.751849838325125966e-04
5.381995470624166902e-04
4.690431519699812379e-04
7.035647279549719652e-04
1.225571757514164195e-03
2.345215759849905918e-04
3.441804575480090578e-04
4.383136098731925997e-04
9.380863039399624757e-04
4.690431519699812379e-04
1.563477173233271064e-04
4.690431519699812379e-04
4.109821645656558105e-04
0.000000000000000000e+00
4.690431519699812379e-04
4.383136098731925997e-04
7.504690431519699806e-03
4.690431519699812379e-04
4.109821645656558647e-04
1.563477173233271064e-04
4.418603392267365731e-04
4.690431519699812379e-04
4.690431519699812379e-04
4.690431519699812379e-04
3.913104335898526806e-04
3.517823639774859284e-04
1.371941130766443466e-03
1.876172607879924951e-03
4.690431519699812379e-04
4.690431519699812379e-04
4.690431519699812379e-04
4.690431519699812379e-04
4.563216752401217215e-04
4.690431519699812379e-04
6.591623145605354176e-04
0.000000000000000000e+00
0.000000000000000000e+00
3.246080269821835702e-04
4.690431519699812379e-04
9.417231493672399267e-04
2.345215759849906406e-03
8.553811125500366749e-04
4.690431519699812379e-04
1.317850953707522428e-03
4.690431519699812379e-04
4.690431519699812379e-04
6.413140882930914045e-04
4.690431519699812379e-04
4.690431519699812379e-04
4.568237096534433499e-04
1.248307202978359096e-03
4.690431519699812379e-04
4.690431519699812379e-04
4.690431519699812379e-04
4.690431519699812379e-04
4.690431519699812379e-04
4.690431519699812379e-04
4.690431519699812379e-04
4.690431519699812379e-04
4.690431519699812379e-04
8.553811125500366749e-04
4.690431519699812379e-04
4.690431519699813463e-04
4.690431519699812379e-04
3.411222923418045366e-04
4.690431519699812379e-04
4.690431519699812379e-04
4.690431519699812379e-04
6.097560975609756309e-03
3.411222923418045366e-04
4.690431519699812379e-04
1.563477173233271064e-04
4.690431519699812379e-04
4.690431519699813463e-04
5.704544685760626864e-04
6.764137470439681929e-04
3.917319640921407362e-04
4.690431519699812379e-04
2.345215759849906406e-03
5.621215235008824619e-04
9.417231493672399267e-04
4.690431519699812379e-04
3.752345215759849903e-03
4.690431519699812379e-04
4.563216752401217215e-04
3.246080269821835702e-04
4.563216752401217215e-04
4.690431519699812379e-04
4.690431519699812379e-04
4.690431519699812379e-04
4.690431519699812379e-04
5.621215235008824619e-04
4.690431519699812379e-04
3.126954346466542128e-04
4.690431519699812379e-04
4.690431519699812379e-04
0.000000000000000000e+00
4.690431519699812379e-04
5.188616700699967945e-04
9.380863039399624757e-04
8.107108912837836701e-05
9.380863039399624757e-04
3.844029499889978913e-04
4.690431519699812379e-04
0.000000000000000000e+00
3.517823639774859826e-04
2.073705950739870092e-04
0.000000000000000000e+00
4.690431519699812379e-04
2.345215759849906189e-04
0.000000000000000000e+00
0.000000000000000000e+00
4.690431519699812379e-04
5.621215235008824619e-04
4.690431519699812379e-04
4.265846810845883930e-04
2.010184937014205305e-04
1.563477173233271064e-04
4.690431519699811837e-04
9.380863039399624757e-04
9.380863039399624757e-04
2.345215759849906189e-04
4.690431519699812379e-04
1.563477173233271064e-04
4.690431519699812379e-04
1.876172607879924680e-04
4.690431519699812379e-04
4.690431519699812379e-04
1.092708679695643479e-04
4.079568423169334422e-04
4.690431519699812379e-04
5.288850056556632095e-04
0.000000000000000000e+00
4.058482482263811217e-04
4.690431519699812379e-04
4.690431519699812379e-04
4.690431519699812379e-04
2.580552344367334407e-03
4.690431519699812379e-04
4.690431519699812379e-04
6.097560975609756309e-03
0.000000000000000000e+00
0.000000000000000000e+00
5.511355782290964546e-04
3.441804575480090578e-04
5.704544685760626864e-04
0.000000000000000000e+00
5.621215235008824619e-04
1.876172607879924951e-03
1.539690530162272182e-03
2.814258911819886885e-04
4.690431519699812379e-04
4.462475433428078511e-04
4.690431519699812379e-04
5.863039399624766015e-04
7.035647279549719652e-04
4.690431519699812379e-04
3.411222923418045366e-04
4.690431519699812379e-04
4.690431519699812379e-04
4.690431519699812379e-04
4.690431519699812812e-03
0.000000000000000000e+00
3.752345215759849903e-03
5.159474671669793400e-03
1.324052602740632240e-04
0.000000000000000000e+00
0.000000000000000000e+00
2.835274746312787760e-04
0.000000000000000000e+00
2.106833467390368988e-04
2.345215759849906189e-04
7.817385866166355049e-04
4.690431519699812379e-04
3.862193476220407277e-04
9.119863567054067952e-04
0.000000000000000000e+00
4.690431519699812379e-04
3.840212461420592239e-04
4.690431519699812379e-04
0.000000000000000000e+00
5.455774685959710515e-04
3.070941937611710052e-04
4.690431519699812379e-04
0.000000000000000000e+00
1.460806730796967686e-03
4.690431519699812379e-04
1.407129455909943714e-03
2.616725568959941744e-04
0.000000000000000000e+00
4.690431519699812379e-04
4.690431519699812379e-04
4.690431519699812379e-04
4.690431519699812379e-04
1.876172607879924951e-03
2.616725568959941744e-04
4.690431519699812379e-04
1.784962984336739902e-02
4.690431519699812379e-04
4.690431519699812379e-04
4.690431519699812379e-04
0.000000000000000000e+00
6.097560975609756309e-03
4.690431519699812379e-04
1.023003245710748437e-04
0.000000000000000000e+00
4.690431519699812379e-04
4.394802657992296453e-04
2.345215759849906406e-03
4.690431519699812379e-04
4.433778310367559651e-04
4.690431519699812379e-04
4.690431519699812379e-04
4.322695503297924700e-04
4.091875100410783664e-04
1.545963977822520515e-04
4.690431519699812379e-04
4.690431519699812379e-04
4.690431519699812379e-04
3.611632270168855380e-02
4.690431519699812379e-04
4.690431519699812379e-04
3.565607567691691550e-04
0.000000000000000000e+00
1.407129455909943714e-03
1.407129455909943714e-03
4.690431519699812379e-04
3.837625788845301037e-04
1.225571757514164195e-03
3.126954346466542128e-04
1.350011719834141432e-03
4.690431519699812379e-04
4.690431519699812379e-04
0.000000000000000000e+00
7.492061454944508878e-04
3.815392719238551444e-04
6.422245737052259540e-04
5.014394903233042105e-04
4.690431519699812379e-04
4.690431519699812379e-04
4.722310306934836017e-04
8.585759253193791553e-04
7.275638180869022304e-04
1.259578024733167033e-03
9.380863039399624757e-04
4.690431519699812379e-04
4.690431519699812379e-04
4.690431519699812379e-04
0.000000000000000000e+00
4.690431519699812379e-04
0.000000000000000000e+00
3.667428273989064213e-04
4.690431519699812379e-04
4.690431519699812379e-04
0.000000000000000000e+00
7.070883513924984629e-04
4.690431519699812379e-04
4.690431519699812379e-04
4.690431519699812379e-04
0.000000000000000000e+00
4.690431519699812379e-04
1.876172607879924680e-04
4.690431519699812379e-04
6.917805203420312023e-04
4.690431519699812379e-04
4.690431519699812379e-04
2.345215759849906406e-03
4.463673980769229102e-04
4.690431519699812379e-04
3.517823639774859284e-04
4.690431519699813463e-04
1.876172607879924680e-04
2.553548499096671754e-04
1.563477173233271064e-04
4.690431519699812379e-04
4.690431519699812379e-04
4.690431519699812379e-04
4.690431519699812379e-04
4.690431519699812379e-04
4.690431519699812379e-04
0.000000000000000000e+00
4.091875100410783664e-04
2.970213977590202342e-04
2.345215759849906189e-04
3.265842839297718810e-04
3.850599288222132481e-04
4.690431519699812379e-04
4.690431519699812379e-04
4.690431519699812379e-04
4.690431519699812379e-04
4.690431519699812379e-04
4.690431519699812379e-04
7.492061454944508878e-04
4.690431519699812379e-04
4.690431519699812379e-04
4.690431519699812379e-04
4.690431519699812379e-04
4.690431519699812379e-04
0.000000000000000000e+00
4.690431519699812379e-04
4.091875100410783664e-04
4.690431519699812379e-04
4.690431519699812379e-04
4.690431519699812379e-04
4.690431519699812379e-04
0.000000000000000000e+00
4.690431519699812379e-04
4.690431519699812379e-04
4.690431519699812379e-04
3.978137179498765865e-04
3.978137179498765865e-04
4.690431519699812379e-04
4.690431519699812379e-04
4.690431519699812379e-04
4.690431519699812379e-04
4.690431519699812379e-04
4.690431519699812379e-04
4.690431519699812379e-04
2.616725568959941744e-04
4.690431519699812379e-04
4.406995073129340830e-04
4.424963348528975393e-04
4.690431519699812379e-04
4.690431519699812379e-04
4.690431519699813463e-04
2.073705950739870092e-04
4.690431519699812379e-04
4.690431519699812379e-04
0.000000000000000000e+00
1.876172607879924680e-04
4.690431519699812379e-04
4.690431519699812379e-04
4.690431519699812379e-04
4.690431519699812379e-04
4.690431519699812379e-04
4.690431519699811837e-04
4.563216752401217215e-04
3.126954346466542128e-04
1.324052602740632240e-04
2.553548499096671754e-04
0.000000000000000000e+00
4.690431519699812379e-04
0.000000000000000000e+00
4.690431519699812379e-04
0.000000000000000000e+00
4.091875100410783664e-04
4.058482482263811217e-04
4.058482482263811217e-04
4.690431519699812379e-04
4.394802657992296453e-04
4.690431519699812379e-04
8.107108912837836701e-05
4.690431519699812379e-04
4.690431519699812379e-04
4.690431519699812379e-04
4.690431519699812379e-04
0.000000000000000000e+00
4.690431519699812379e-04
1.639063019543465219e-04
1.023003245710748437e-04
2.345215759849906189e-04
4.690431519699812379e-04
4.690431519699813463e-04
4.690431519699812379e-04
9.380863039399624757e-04
1.876172607879924680e-04
4.291411833732036284e-04
4.690431519699812379e-04
2.345215759849906189e-04
4.383136098731925997e-04
4.690431519699812379e-04
4.690431519699812379e-04
2.835274746312788302e-04
3.815392719238551444e-04
4.690431519699812379e-04
2.345215759849906406e-03
1.545963977822520515e-04
4.690431519699812379e-04
4.690431519699812379e-04
4.690431519699812379e-04
4.690431519699812379e-04
7.695335932453680654e-04
0.000000000000000000e+00
4.690431519699812379e-04
4.690431519699812379e-04
4.690431519699812379e-04
4.690431519699812379e-04
2.345215759849906189e-04
7.566356438862375904e-04
5.010028320617050841e-04
5.052163901496567857e-04
4.690431519699812379e-04
0.000000000000000000e+00
4.690431519699812379e-04
2.345215759849906189e-04
4.690431519699812379e-04
2.345215759849906189e-04
2.393993538263377251e-04
3.752345215759849361e-04
1.876172607879924951e-03
4.563216752401217215e-04
4.563216752401217215e-04
4.690431519699812379e-04
4.690431519699812379e-04
4.690431519699812379e-04
4.690431519699812379e-04
0.000000000000000000e+00
1.563477173233271064e-04
4.690431519699812379e-04
0.000000000000000000e+00
2.135065860950864647e-03
3.752345215759849361e-04
4.690431519699812379e-04
4.690431519699812379e-04
4.690431519699812379e-04
4.690431519699812379e-04
9.380863039399624757e-04
3.126954346466542128e-04
4.690431519699812379e-04
3.126954346466542128e-04
1.324052602740632240e-04
4.690431519699812379e-04
4.690431519699812379e-04
1.324052602740632240e-04
1.563477173233271064e-04
4.690431519699813463e-04
3.126954346466542128e-04
4.690431519699812379e-04
3.517823639774859284e-04
2.345215759849906189e-04
3.126954346466542128e-04
3.752345215759849361e-04
2.345215759849906189e-04
0.000000000000000000e+00
4.690431519699812379e-04
4.690431519699812379e-04
5.819391338394390564e-04
6.021534113488905167e-04
4.690431519699812812e-03
3.752345215759849903e-03
1.876172607879924951e-03
4.690431519699812379e-04
4.690431519699812379e-04
4.690431519699812379e-04
4.563216752401217215e-04
1.324052602740632240e-04
4.690431519699812379e-04
4.568237096534433499e-04
0.000000000000000000e+00
9.380863039399624757e-04
1.563477173233271064e-04
0.000000000000000000e+00
4.690431519699812812e-03
4.690431519699812379e-04
4.690431519699812379e-04
8.540419588542147791e-03
4.690431519699812379e-04
1.876172607879924951e-03
4.690431519699812379e-04
4.690431519699812379e-04
4.690431519699812379e-04
4.690431519699812379e-04
4.690431519699812379e-04
4.690431519699812379e-04
3.752345215759849903e-03
2.345215759849906189e-04
3.850599288222132481e-04
4.690431519699812379e-04
0.000000000000000000e+00
4.690431519699812379e-04
4.690431519699812379e-04
4.690431519699812379e-04
2.984820057990789696e-04
4.563216752401217215e-04
7.027039271203351992e-04
4.690431519699812379e-04
4.690431519699812379e-04
0.000000000000000000e+00
4.690431519699812379e-04
5.790991383730667141e-04
4.690431519699812379e-04
4.690431519699812379e-04
4.690431519699812379e-04
2.393993538263377251e-04
1.876172607879924951e-03
4.690431519699812812e-03
4.690431519699812379e-04
4.690431519699812379e-04
3.517823639774859284e-04
4.690431519699812379e-04
1.545963977822520515e-04
9.380863039399624757e-04
1.331102593789092788e-04
4.690431519699812379e-04
7.386038470360976231e-04
4.690431519699812379e-04
2.345215759849906406e-03
0.000000000000000000e+00
4.690431519699812379e-04
4.690431519699812379e-04
0.000000000000000000e+00
4.690431519699812379e-04
4.690431519699812379e-04
2.345215759849906189e-04
0.000000000000000000e+00
0.000000000000000000e+00
2.345215759849906189e-04
4.690431519699813463e-04
0.000000000000000000e+00
4.690431519699812379e-04
4.690431519699812379e-04
1.959440426203841977e-03
5.360493165371214147e-04
2.073705950739870092e-04
5.276735459662289197e-04
4.690431519699812379e-04
3.844029499889978913e-04
0.000000000000000000e+00
4.690431519699812379e-04
4.690431519699812379e-04
3.126954346466542128e-04
4.690431519699812379e-04
4.147411901479740185e-04
4.690431519699812379e-04
2.345215759849906189e-04
