9.345794392523363789e-03
1.869158878504672975e-03
2.695540390089234094e-03
1.869158878504672975e-03
1.869158878504672975e-03
1.869158878504672975e-03
1.869158878504672975e-03
1.869158878504672975e-03
1.121495327102803655e-02
1.053815730895209203e-03
0.000000000000000000e+00
1.869158878504672975e-03
0.000000000000000000e+00
1.869158878504672975e-03
1.869158878504672975e-03
2.695540390089234094e-03
1.869158878504672975e-03
3.738317757009345949e-03
1.121495327102803655e-02
1.869158878504672975e-03
1.869158878504672975e-03
1.869158878504672975e-03
1.869158878504672975e-03
1.869158878504673191e-03
1.869158878504672975e-03
1.869158878504672975e-03
1.401869158878504785e-03
5.310017103947925129e-03
1.869158878504672975e-03
1.869158878504672975e-03
1.869158878504672975e-03
1.869158878504672975e-03
1.869158878504672975e-03
1.869158878504672975e-03
1.869158878504672975e-03
1.376299783070263462e-03
1.869158878504672975e-03
0.000000000000000000e+00
0.000000000000000000e+00
0.000000000000000000e+00
5.607476635514018273e-03
1.869158878504672975e-03
1.869158878504672975e-03
0.000000000000000000e+00
1.869158878504672975e-03
1.869158878504672975e-03
1.869158878504672975e-03
1.869158878504672975e-03
1.869158878504672975e-03
1.869158878504672975e-03
1.495327102803738250e-03
1.869158878504672975e-03
1.869158878504672975e-03
1.869158878504672975e-03
0.000000000000000000e+00
1.869158878504672975e-03
3.738317757009345949e-03
1.869158878504672975e-03
7.476635514018691898e-03
1.869158878504672975e-03
1.869158878504672975e-03
1.869158878504672975e-03
1.869158878504672975e-03
1.869158878504672975e-03
7.476635514018691898e-03
1.869158878504672975e-03
1.869158878504672975e-03
1.869158878504672975e-03
1.869158878504672975e-03
1.682242990654205655e-02
1.308411214953271104e-02
1.869158878504672975e-03
0.000000000000000000e+00
0.000000000000000000e+00
1.869158878504672975e-03
1.869158878504672975e-03
9.345794392523364873e-04
1.869158878504672975e-03
0.000000000000000000e+00
1.869158878504672975e-03
1.869158878504672975e-03
0.000000000000000000e+00
7.476635514018691898e-03
0.000000000000000000e+00
1.869158878504672975e-03
0.000000000000000000e+00
1.121495327102803741e-03
1.869158878504672975e-03
1.869158878504672975e-03
0.000000000000000000e+00
3.991916110918256218e-03
1.869158878504672975e-03
1.869158878504672975e-03
7.476635514018691898e-03
1.246105919003115533e-03
1.869158878504672975e-03
1.869158878504672975e-03
0.000000000000000000e+00
0.000000000000000000e+00
1.869158878504672975e-03
1.869158878504672975e-03
1.869158878504672975e-03
2.365302294426651145e-03
0.000000000000000000e+00
1.869158878504672975e-03
1.869158878504672975e-03
1.869158878504672975e-03
1.869158878504672975e-03
2.107631461790418406e-03
1.869158878504672975e-03
1.869158878504672975e-03
9.345794392523364873e-04
1.869158878504672975e-03
1.869158878504672975e-03
1.869158878504672975e-03
1.869158878504672975e-03
1.869158878504672975e-03
1.869158878504672975e-03
0.000000000000000000e+00
1.869158878504672975e-03
1.869158878504672975e-03
1.869158878504672975e-03
1.869158878504673191e-03
1.869158878504672975e-03
1.869158878504672975e-03
1.869158878504672975e-03
1.869158878504672975e-03
1.869158878504672975e-03
1.869158878504672975e-03
1.869158878504672975e-03
1.869158878504672975e-03
1.869158878504672975e-03
1.869158878504672975e-03
1.869158878504672975e-03
1.869158878504672975e-03
0.000000000000000000e+00
1.869158878504672975e-03
0.000000000000000000e+00
1.869158878504672975e-03
5.607476635514018273e-03
1.869158878504672975e-03
1.121495327102803741e-03
1.869158878504672975e-03
1.869158878504672975e-03
1.869158878504672975e-03
0.000000000000000000e+00
5.278689148417701343e-03
1.869158878504672975e-03
1.869158878504672975e-03
1.869158878504672975e-03
3.738317757009345949e-03
5.213886834600557109e-04
4.780464752644212473e-03
1.869158878504672975e-03
1.869158878504672975e-03
0.000000000000000000e+00
1.869158878504672975e-03
1.869158878504672975e-03
0.000000000000000000e+00
0.000000000000000000e+00
1.869158878504672975e-03
3.636447788866348663e-03
1.869158878504672975e-03
1.869158878504672975e-03
1.869158878504672975e-03
1.869158878504672975e-03
1.869158878504672975e-03
0.000000000000000000e+00
1.869158878504672975e-03
1.869158878504672975e-03
6.230529595015577666e-04
1.869158878504672975e-03
1.869158878504672975e-03
6.230529595015577666e-04
9.345794392523363789e-03
1.869158878504672975e-03
1.869158878504672975e-03
1.869158878504672975e-03
1.869158878504672975e-03
1.869158878504672975e-03
1.869158878504672975e-03
1.869158878504672975e-03
1.869158878504672975e-03
0.000000000000000000e+00
1.869158878504672975e-03
5.057663460841068867e-03
6.230529595015577666e-04
1.869158878504672975e-03
1.869158878504672975e-03
1.869158878504672975e-03
1.869158878504672975e-03
9.345794392523364873e-04
1.869158878504672975e-03
0.000000000000000000e+00
0.000000000000000000e+00
1.869158878504672975e-03
1.869158878504672975e-03
1.869158878504672975e-03
1.869158878504672975e-03
1.869158878504672975e-03
0.000000000000000000e+00
1.869158878504672975e-03
1.869158878504672975e-03
1.869158878504672975e-03
1.308411214953271104e-02
1.869158878504672975e-03
1.869158878504672975e-03
0.000000000000000000e+00
3.738317757009345949e-03
1.869158878504672975e-03
0.000000000000000000e+00
1.869158878504672975e-03
4.258494716844463818e-03
1.869158878504672975e-03
1.869158878504672975e-03
1.869158878504672975e-03
1.869158878504672975e-03
0.000000000000000000e+00
1.869158878504672975e-03
1.246105919003115533e-03
1.869158878504672975e-03
1.869158878504672975e-03
1.869158878504672975e-03
1.869158878504672975e-03
1.869158878504672975e-03
9.345794392523364873e-04
1.869158878504672975e-03
1.869158878504672975e-03
1.507614198846222693e-03
1.869158878504673191e-03
1.869158878504672975e-03
5.607476635514018273e-03
2.174151706629178383e-03
1.869158878504672975e-03
1.869158878504672975e-03
2.186353129954635415e-03
1.869158878504672975e-03
1.869158878504672975e-03
1.869158878504672975e-03
1.869158878504672975e-03
1.869158878504672975e-03
1.869158878504672975e-03
1.869158878504673191e-03
1.246105919003115533e-03
1.869158878504672975e-03
0.000000000000000000e+00
0.000000000000000000e+00
1.869158878504672975e-03
1.869158878504672975e-03
1.869158878504672975e-03
0.000000000000000000e+00
1.869158878504672975e-03
1.869158878504672975e-03
1.869158878504672975e-03
1.869158878504672975e-03
1.869158878504672975e-03
1.869158878504672975e-03
1.308411214953271104e-02
1.869158878504672975e-03
1.869158878504672975e-03
1.869158878504672975e-03
9.345794392523364873e-04
1.869158878504673191e-03
1.042777366920111422e-03
3.738317757009345949e-03
9.345794392523364873e-04
0.000000000000000000e+00
1.869158878504672975e-03
1.869158878504672975e-03
1.869158878504672975e-03
0.000000000000000000e+00
1.869158878504672975e-03
1.869158878504672975e-03
1.869158878504672975e-03
0.000000000000000000e+00
1.869158878504672975e-03
1.869158878504672975e-03
0.000000000000000000e+00
0.000000000000000000e+00
2.695540390089234094e-03
2.526530658743011450e-03
1.869158878504672975e-03
1.869158878504672975e-03
5.496039107852110361e-03
9.345794392523364873e-04
0.000000000000000000e+00
0.000000000000000000e+00
1.869158878504672975e-03
1.869158878504672975e-03
1.869158878504672975e-03
1.869158878504672975e-03
2.695540390089234094e-03
3.241870778436209584e-03
6.230529595015577666e-04
1.869158878504672975e-03
1.869158878504672975e-03
1.869158878504672975e-03
1.869158878504672975e-03
1.869158878504672975e-03
0.000000000000000000e+00
1.869158878504672975e-03
1.869158878504672975e-03
2.633205224629854655e-03
1.869158878504672975e-03
9.345794392523364873e-04
9.345794392523364873e-04
1.869158878504672975e-03
1.869158878504672975e-03
1.869158878504672975e-03
1.495327102803738250e-03
1.869158878504672975e-03
0.000000000000000000e+00
1.869158878504672975e-03
1.869158878504672975e-03
1.869158878504672975e-03
1.869158878504672975e-03
1.869158878504672975e-03
1.869158878504672975e-03
1.869158878504672975e-03
0.000000000000000000e+00
0.000000000000000000e+00
1.869158878504672975e-03
4.258494716844463818e-03
1.869158878504672975e-03
1.869158878504672975e-03
5.607476635514018273e-03
1.869158878504672975e-03
1.869158878504672975e-03
1.869158878504672975e-03
1.869158878504672975e-03
0.000000000000000000e+00
0.000000000000000000e+00
3.241870778436209584e-03
0.000000000000000000e+00
9.345794392523364873e-04
0.000000000000000000e+00
0.000000000000000000e+00
3.636447788866348663e-03
1.869158878504672975e-03
1.869158878504672975e-03
3.738317757009345949e-03
1.869158878504672975e-03
1.869158878504672975e-03
1.869158878504672975e-03
1.869158878504672975e-03
1.411588245194160844e-03
1.869158878504672975e-03
1.869158878504672975e-03
1.869158878504672975e-03
1.869158878504672975e-03
0.000000000000000000e+00
0.000000000000000000e+00
1.869158878504672975e-03
1.869158878504672975e-03
1.869158878504672975e-03
0.000000000000000000e+00
1.869158878504672975e-03
1.869158878504672975e-03
2.655828406624612288e-03
1.869158878504672975e-03
1.869158878504672975e-03
0.000000000000000000e+00
1.869158878504672975e-03
1.869158878504672975e-03
1.869158878504672975e-03
9.345794392523364873e-04
5.607476635514018273e-03
1.869158878504672975e-03
1.246105919003115533e-03
0.000000000000000000e+00
5.607476635514018273e-03
1.869158878504672975e-03
9.345794392523364873e-04
1.869158878504672975e-03
5.607476635514018273e-03
1.869158878504672975e-03
1.869158878504672975e-03
0.000000000000000000e+00
1.869158878504672975e-03
9.345794392523364873e-04
1.146069519187772846e-03
3.760328466249116420e-03
1.869158878504672975e-03
0.000000000000000000e+00
1.869158878504672975e-03
6.461441570904773168e-04
3.738317757009345949e-03
1.869158878504672975e-03
9.345794392523364873e-04
1.869158878504672975e-03
1.869158878504672975e-03
3.738317757009345949e-03
1.869158878504672975e-03
5.607476635514018273e-03
1.869158878504672975e-03
1.869158878504672975e-03
4.997306524868401316e-03
1.869158878504672975e-03
1.869158878504672975e-03
1.869158878504672975e-03
0.000000000000000000e+00
1.869158878504672975e-03
1.869158878504672975e-03
1.869158878504672975e-03
1.869158878504672975e-03
1.869158878504672975e-03
0.000000000000000000e+00
1.869158878504672975e-03
1.869158878504672975e-03
1.869158878504672975e-03
5.607476635514018273e-03
5.376407723279949535e-03
1.308411214953271104e-02
1.869158878504672975e-03
0.000000000000000000e+00
1.869158878504672975e-03
0.000000000000000000e+00
9.345794392523364873e-04
3.636447788866348663e-03
0.000000000000000000e+00
1.869158878504672975e-03
7.476635514018691898e-03
1.869158878504672975e-03
1.869158878504672975e-03
0.000000000000000000e+00
1.869158878504672975e-03
1.869158878504672975e-03
5.607476635514018273e-03
1.869158878504672975e-03
1.869158878504672975e-03
1.869158878504672975e-03
1.869158878504672975e-03
1.869158878504672975e-03
1.869158878504672975e-03
1.869158878504672975e-03
1.869158878504672975e-03
1.869158878504672975e-03
1.869158878504672975e-03
1.869158878504672975e-03
1.869158878504672975e-03
1.869158878504672975e-03
1.869158878504672975e-03
1.869158878504672975e-03
1.869158878504672975e-03
1.869158878504672975e-03
1.869158878504672975e-03
1.869158878504672975e-03
1.869158878504672975e-03
0.000000000000000000e+00
1.869158878504672975e-03
9.345794392523364873e-04
1.869158878504672975e-03
1.869158878504672975e-03
0.000000000000000000e+00
1.869158878504672975e-03
1.869158878504672975e-03
0.000000000000000000e+00
0.000000000000000000e+00
1.869158878504672975e-03
0.000000000000000000e+00
1.869158878504672975e-03
9.345794392523363789e-03
1.869158878504672975e-03
0.000000000000000000e+00
1.869158878504672975e-03
1.869158878504672975e-03
1.869158878504672975e-03
7.476635514018691898e-03
1.869158878504672975e-03
1.869158878504672975e-03
1.869158878504672975e-03
5.607476635514018273e-03
0.000000000000000000e+00
1.869158878504672975e-03
1.869158878504672975e-03
1.869158878504672975e-03
1.869158878504672975e-03
1.869158878504672975e-03
9.345794392523363789e-03
1.869158878504672975e-03
1.869158878504672975e-03
1.869158878504672975e-03
9.345794392523364873e-04
1.869158878504672975e-03
1.869158878504672975e-03
3.738317757009345949e-03
1.869158878504672975e-03
0.000000000000000000e+00
9.345794392523364873e-04
1.869158878504672975e-03
1.869158878504672975e-03
0.000000000000000000e+00
1.869158878504672975e-03
1.869158878504672975e-03
3.738317757009345949e-03
1.869158878504672975e-03
7.476635514018691898e-03
1.869158878504672975e-03
0.000000000000000000e+00
1.146069519187772846e-03
1.869158878504672975e-03
1.869158878504672975e-03
1.869158878504672975e-03
6.230529595015577666e-04
1.869158878504672975e-03
1.869158878504672975e-03
1.869158878504672975e-03
0.000000000000000000e+00
1.869158878504672975e-03
1.869158878504672975e-03
1.869158878504672975e-03
1.869158878504672975e-03
1.869158878504672975e-03
1.869158878504672975e-03
1.869158878504672975e-03
1.869158878504672975e-03
1.869158878504672975e-03
3.738317757009345949e-03
1.869158878504672975e-03
1.869158878504672975e-03
9.345794392523364873e-04
1.869158878504672975e-03
1.869158878504672975e-03
3.433324928884839457e-03
1.869158878504672975e-03
1.869158878504672975e-03
1.246105919003115533e-03
0.000000000000000000e+00
1.869158878504672975e-03
1.869158878504672975e-03
1.420911277442744956e-03
9.345794392523364873e-04
7.476635514018691898e-03
1.869158878504672975e-03
1.869158878504672975e-03
0.000000000000000000e+00
1.869158878504672975e-03
1.869158878504672975e-03
1.869158878504672975e-03
1.869158878504672975e-03
1.869158878504672975e-03
1.869158878504672975e-03
1.869158878504672975e-03
1.869158878504672975e-03
0.000000000000000000e+00
1.869158878504672975e-03
3.738317757009345949e-03
1.869158878504672975e-03
4.076715738047318859e-04
1.869158878504672975e-03
1.869158878504672975e-03
1.869158878504672975e-03
2.107631461790418406e-03
1.869158878504672975e-03
9.345794392523364873e-04
0.000000000000000000e+00
1.869158878504672975e-03
1.869158878504672975e-03
1.869158878504672975e-03
1.869158878504672975e-03
1.869158878504672975e-03
1.246105919003115533e-03
1.869158878504672975e-03
1.869158878504672975e-03
1.869158878504672975e-03
1.347770195044617047e-03
1.869158878504672975e-03
1.246105919003115533e-03
1.869158878504672975e-03
1.869158878504672975e-03
1.869158878504672975e-03
9.345794392523364873e-04
0.000000000000000000e+00
1.869158878504672975e-03
1.869158878504672975e-03
1.869158878504672975e-03
1.869158878504672975e-03
1.869158878504672975e-03
2.399609482235205357e-03
1.869158878504672975e-03
1.869158878504672975e-03
1.869158878504672975e-03
1.869158878504672975e-03
1.869158878504672975e-03
1.869158878504672975e-03
1.869158878504672975e-03
1.869158878504672975e-03
1.869158878504672975e-03
1.869158878504672975e-03
1.869158878504672975e-03
2.820741632854559863e-03
3.738317757009345949e-03
1.869158878504672975e-03
1.869158878504672975e-03
1.869158878504672975e-03
1.869158878504672975e-03
9.345794392523364873e-04
1.869158878504672975e-03
2.695540390089234094e-03
1.495327102803738466e-03
1.869158878504672975e-03
9.345794392523364873e-04
1.869158878504672975e-03
1.401869158878504785e-03
1.869158878504672975e-03
1.869158878504672975e-03
1.869158878504672975e-03
1.869158878504672975e-03
1.869158878504672975e-03
1.869158878504672975e-03
1.869158878504672975e-03
1.869158878504672975e-03
1.869158878504672975e-03
1.869158878504672975e-03
1.869158878504672975e-03
1.869158878504672975e-03
0.000000000000000000e+00
1.869158878504672975e-03
1.869158878504672975e-03
1.869158878504672975e-03
