2.622606871230003162e-04
1.180173092053501179e-03
2.622606871230003162e-04
0.000000000000000000e+00
3.933910306845003930e-04
0.000000000000000000e+00
6.294256490952006289e-03
3.933910306845003930e-04
3.933910306845003930e-04
3.933910306845003930e-04
3.933910306845003930e-04
0.000000000000000000e+00
2.622606871230003162e-04
3.933910306845003930e-04
3.933910306845003930e-04
0.000000000000000000e+00
0.000000000000000000e+00
2.525159466946960284e-04
3.933910306845003930e-04
1.681629945840628878e-04
3.707353530345810816e-04
3.933910306845003930e-04
3.452399117188977582e-04
3.933910306845003930e-04
5.114083398898505543e-03
4.237298756093894870e-04
3.933910306845003930e-04
7.758482254867041673e-04
7.081038552321007075e-03
6.345976368078121935e-04
2.471560258373366138e-04
6.687647521636507116e-03
1.685961560076430256e-04
3.933910306845003930e-04
1.573564122738001572e-03
3.229534886895981836e-04
3.933910306845003930e-04
1.180173092053501179e-03
3.933910306845003930e-04
1.123974373384286837e-04
3.933910306845003930e-04
3.933910306845003930e-04
0.000000000000000000e+00
1.966955153422501965e-04
0.000000000000000000e+00
3.933910306845003930e-04
4.575811026933951646e-04
3.685963519606441749e-04
7.867820613690007861e-04
7.972422815838325124e-04
3.933910306845003930e-04
1.573564122738001572e-03
2.420867881135387034e-04
3.933910306845003930e-04
3.933910306845003930e-04
3.933910306845003930e-04
6.687647521636507116e-03
3.933910306845003930e-04
3.933910306845003930e-04
3.229534886895981836e-04
3.933910306845003930e-04
7.867820613690007861e-04
3.933910306845003930e-03
3.933910306845003930e-04
3.933910306845003930e-04
4.327301337529504757e-03
1.573564122738001572e-03
3.933910306845003930e-04
3.933910306845003930e-04
5.585054245272177888e-04
2.360346184107002358e-03
3.933910306845003930e-04
3.933910306845003930e-04
6.924419879747713497e-04
0.000000000000000000e+00
1.180173092053501179e-03
0.000000000000000000e+00
3.478474498015266241e-04
2.525159466946960284e-04
3.933910306845003930e-04
3.933910306845003930e-04
0.000000000000000000e+00
0.000000000000000000e+00
3.933910306845003930e-04
3.707353530345810816e-04
1.966955153422501965e-04
1.180173092053501179e-03
2.950432730133752948e-04
4.184785533019085360e-04
3.933910306845003930e-04
1.893739050713484921e-04
2.360346184107002358e-03
0.000000000000000000e+00
1.088776652864240763e-04
4.221615933563932607e-04
2.896618347531828945e-04
1.101494885916601101e-02
3.933910306845003930e-04
3.933910306845003930e-04
3.933910306845003930e-04
2.412066061233117463e-04
7.867820613690007861e-04
0.000000000000000000e+00
0.000000000000000000e+00
3.933910306845005015e-04
7.867820613690007861e-04
3.933910306845003930e-04
0.000000000000000000e+00
0.000000000000000000e+00
7.867820613690007861e-04
3.933910306845003930e-04
0.000000000000000000e+00
0.000000000000000000e+00
3.933910306845003930e-04
2.360346184107002358e-03
1.311303435615001581e-04
1.966955153422501965e-04
3.933910306845003930e-04
7.867820613690007861e-04
0.000000000000000000e+00
3.933910306845003930e-04
3.933910306845003930e-04
3.195492842612660282e-04
0.000000000000000000e+00
0.000000000000000000e+00
3.933910306845003930e-04
3.933910306845005015e-04
5.669769599951471383e-04
1.573564122738001572e-03
3.933910306845003930e-04
3.511904229689938989e-04
7.376022711743087735e-04
3.933910306845003930e-04
3.933910306845003930e-04
3.933910306845003930e-04
0.000000000000000000e+00
3.933910306845003930e-04
6.473770101215123307e-04
3.933910306845003930e-04
3.229534886895981836e-04
0.000000000000000000e+00
0.000000000000000000e+00
7.867820613690007861e-04
3.933910306845003930e-04
2.753737214791502751e-04
3.933910306845003930e-04
3.933910306845003930e-04
7.867820613690007861e-04
0.000000000000000000e+00
3.933910306845003930e-04
3.933910306845003930e-04
3.933910306845003930e-04
3.250333033550590256e-04
0.000000000000000000e+00
1.180173092053501179e-03
1.966955153422502507e-04
1.475216365066876474e-04
7.867820613690007861e-04
1.573564122738001572e-03
3.840677851215399188e-04
0.000000000000000000e+00
7.867820613690007861e-04
1.327922635227251486e-02
3.933910306845003930e-04
3.933910306845003930e-04
7.867820613690007861e-04
3.933910306845003930e-03
7.867820613690007861e-04
1.026432824501106360e-03
4.000016858187172269e-04
2.753737214791502751e-03
2.360346184107002358e-04
0.000000000000000000e+00
4.640259899546836202e-04
2.360346184107002358e-03
1.966955153422501965e-04
1.820784046997938189e-04
3.933910306845003930e-04
3.933910306845003930e-04
2.360346184107002358e-04
2.836573777926318526e-04
3.147128245476003144e-03
7.867820613690007861e-04
3.933910306845003930e-04
3.933910306845003930e-04
3.933910306845003930e-04
3.933910306845003930e-04
3.933910306845003930e-04
1.311303435615001581e-04
0.000000000000000000e+00
3.540519276160503537e-03
3.933910306845003930e-04
1.140186384931256205e-03
5.377683689795957839e-04
3.088555363308789293e-04
2.622606871230003162e-04
3.933910306845003930e-04
5.601323484225447999e-04
3.933910306845003930e-04
1.180173092053501179e-03
3.933910306845003930e-04
9.537650315727550171e-04
3.933910306845003930e-04
3.933910306845003930e-04
3.933910306845003930e-04
1.966955153422501965e-03
1.966955153422501965e-03
1.573564122738001572e-03
2.836573777926318526e-04
3.088555363308789293e-04
8.537564695077880109e-04
1.966955153422501965e-04
0.000000000000000000e+00
1.966955153422501965e-04
3.933910306845003930e-04
3.933910306845003930e-04
3.933910306845003930e-04
1.276320389571882190e-03
3.933910306845003930e-04
3.147128245476003144e-04
7.474429583005507902e-03
1.573564122738001572e-03
1.300776395115157188e-03
1.966955153422501965e-04
2.622606871230002620e-04
3.511904229689938989e-04
3.933910306845003930e-04
3.933910306845003930e-04
9.834775767112509826e-05
3.707353530345810816e-04
1.026432824501106360e-03
3.933910306845003930e-04
3.933910306845003930e-04
5.883094877033431726e-04
1.573564122738001572e-03
3.236885050607561654e-04
1.573564122738001572e-03
2.753737214791502751e-03
5.118135309457046795e-04
4.362911667949510614e-04
3.933910306845003930e-04
3.933910306845003930e-04
9.834775767112509826e-05
3.933910306845003930e-04
0.000000000000000000e+00
0.000000000000000000e+00
3.933910306845003930e-04
3.933910306845003930e-04
3.933910306845003930e-04
3.933910306845003930e-04
2.360346184107002358e-03
1.311303435615001581e-04
3.933910306845003930e-04
3.933910306845003930e-04
7.867820613690007861e-04
6.012496527894046604e-04
3.933910306845003930e-04
3.933910306845003930e-04
3.189055371180635917e-04
1.311303435615001581e-04
3.933910306845003930e-04
1.311303435615001581e-04
0.000000000000000000e+00
3.172988184039060426e-04
3.933910306845003930e-04
3.530634481678129508e-04
3.933910306845003930e-04
2.753737214791502751e-03
7.867820613690007861e-04
3.933910306845003930e-04
3.933910306845003930e-03
3.540519276160503537e-03
3.933910306845003930e-04
3.933910306845003930e-04
5.050318933893920567e-04
7.867820613690007861e-04
3.504908945740496163e-04
3.147128245476003144e-04
0.000000000000000000e+00
1.033352507320584208e-02
3.933910306845003930e-04
0.000000000000000000e+00
3.933910306845003930e-04
3.933910306845003930e-04
7.867820613690007861e-04
0.000000000000000000e+00
2.950432730133752948e-04
5.245213742460006325e-04
0.000000000000000000e+00
3.933910306845005015e-04
3.933910306845003930e-04
2.817501679796087294e-04
5.050318933893920567e-04
3.933910306845003930e-04
0.000000000000000000e+00
2.896618347531828945e-04
3.933910306845003930e-04
3.933910306845003930e-04
5.238917185539772401e-04
4.184785533019085360e-04
1.311303435615001581e-04
3.933910306845003930e-04
3.707353530345810816e-04
7.867820613690007861e-04
0.000000000000000000e+00
1.180173092053501179e-03
3.933910306845003930e-04
3.933910306845003930e-04
1.311303435615001581e-04
4.327301337529504757e-03
3.229534886895981836e-04
3.933910306845003930e-04
1.573564122738001572e-03
3.933910306845003930e-04
4.824132122466234926e-04
7.867820613690007861e-04
1.573564122738001572e-03
3.933910306845003930e-04
2.809935933460717093e-04
0.000000000000000000e+00
3.933910306845003930e-04
3.933910306845003930e-04
7.867820613690007861e-04
3.933910306845003930e-03
6.742397735535637406e-04
2.622606871230003162e-04
3.933910306845003930e-04
3.933910306845003930e-04
4.184785533019085360e-04
1.966955153422501965e-04
1.180173092053501179e-03
3.147128245476003144e-04
0.000000000000000000e+00
3.933910306845003930e-04
1.573564122738001572e-03
3.933910306845003930e-04
0.000000000000000000e+00
3.540519276160503537e-03
0.000000000000000000e+00
1.311303435615001581e-04
3.933910306845004473e-04
1.601215758002947753e-03
3.933910306845003930e-04
2.360346184107002358e-04
4.720692368214004717e-03
1.194816312595304642e-04
1.966955153422501965e-03
3.933910306845003930e-04
3.933910306845003930e-04
3.933910306845003930e-04
3.933910306845003930e-04
3.933910306845003930e-04
7.867820613690007861e-04
7.502401552103011000e-04
3.933910306845003930e-04
3.475677634714572392e-04
2.360346184107002358e-03
1.966955153422501965e-04
3.933910306845003930e-04
1.869337739839456404e-03
3.933910306845003930e-04
1.311303435615001581e-04
3.933910306845003930e-04
0.000000000000000000e+00
3.933910306845003930e-04
3.933910306845003930e-04
3.933910306845003930e-04
0.000000000000000000e+00
3.933910306845003930e-04
3.933910306845003930e-04
3.933910306845003930e-04
3.933910306845003930e-04
3.933910306845003930e-04
2.232817254097833003e-04
3.933910306845003930e-04
0.000000000000000000e+00
0.000000000000000000e+00
3.954070892647301738e-04
3.933910306845003930e-04
3.229534886895981836e-04
2.622606871230003162e-04
3.933910306845003930e-04
3.933910306845003930e-04
3.933910306845003930e-04
9.434007339422950417e-05
0.000000000000000000e+00
3.933910306845003930e-04
3.933910306845003930e-04
3.933910306845003930e-04
3.336502150547352016e-04
3.933910306845003930e-04
3.933910306845005015e-04
3.933910306845003930e-04
3.933910306845003930e-04
3.933910306845003930e-04
3.933910306845003930e-04
0.000000000000000000e+00
6.294256490952006289e-03
0.000000000000000000e+00
5.245213742460006325e-04
3.933910306845003930e-04
3.933910306845003930e-04
3.933910306845003930e-04
3.933910306845003930e-04
2.950432730133752948e-04
4.521986999182367678e-04
3.933910306845003930e-04
0.000000000000000000e+00
1.966955153422501965e-04
1.180173092053501179e-03
3.933910306845003930e-04
2.988477887340723377e-04
3.933910306845003930e-04
0.000000000000000000e+00
0.000000000000000000e+00
2.723476366277310413e-04
3.933910306845003930e-04
3.933910306845003930e-04
3.933910306845003930e-04
2.622606871230003162e-04
0.000000000000000000e+00
5.507474429583005503e-04
1.337529504327301423e-02
5.673147555852637051e-04
3.933910306845003930e-04
0.000000000000000000e+00
3.933910306845003930e-04
3.933910306845003930e-04
5.900865460267506329e-03
3.933910306845003930e-04
1.573564122738001572e-03
9.834775767112509826e-05
2.368450005224084917e-04
3.933910306845003930e-04
3.933910306845003930e-04
3.084424238996295625e-04
3.933910306845003930e-04
3.933910306845003930e-04
7.867820613690007861e-04
5.981019145805418049e-04
1.180173092053501179e-03
3.933910306845003930e-04
7.604818815382392416e-04
3.933910306845003930e-04
1.966955153422501965e-04
3.933910306845003930e-04
3.933910306845003930e-04
0.000000000000000000e+00
0.000000000000000000e+00
3.933910306845003930e-04
7.867820613690007861e-04
3.933910306845003930e-04
2.950432730133752948e-04
3.933910306845003930e-04
3.933910306845003930e-04
3.278258589037503818e-04
0.000000000000000000e+00
1.521844245611886468e-04
3.933910306845003930e-04
3.530634481678129508e-04
7.867820613690007861e-04
1.573564122738001572e-03
3.933910306845003930e-04
1.573564122738001572e-03
1.966955153422501965e-04
1.311303435615001581e-04
0.000000000000000000e+00
0.000000000000000000e+00
3.933910306845003930e-04
1.180173092053501179e-03
3.933910306845003930e-04
3.933910306845003930e-04
0.000000000000000000e+00
3.933910306845003930e-04
1.966955153422501965e-04
7.161884809849487906e-04
1.433205004548184858e-04
1.780470713970900339e-04
1.180173092053501179e-03
2.377972367875241452e-04
2.141685837952047103e-04
4.155905025324549418e-03
3.933910306845003930e-04
1.573564122738001572e-03
3.933910306845003930e-04
3.933910306845003930e-04
3.933910306845003930e-04
1.966955153422502507e-04
3.933910306845003930e-04
3.933910306845003930e-04
7.987511607940773768e-04
3.933910306845003930e-04
2.285752408326361816e-04
4.824132122466234926e-04
7.474429583005507902e-03
1.966955153422501965e-04
6.375945098077194311e-05
0.000000000000000000e+00
3.933910306845003930e-04
0.000000000000000000e+00
9.224933918106355095e-04
3.933910306845003930e-04
3.933910306845003930e-04
3.933910306845003930e-04
3.147128245476003144e-04
3.547092281511770228e-04
1.573564122738001572e-03
7.081038552321007075e-04
3.172988184039060968e-04
3.933910306845003930e-04
3.933910306845003930e-04
3.933910306845003930e-04
3.933910306845003930e-04
3.933910306845003930e-04
3.933910306845003930e-04
1.180173092053501179e-03
3.933910306845003930e-04
0.000000000000000000e+00
1.433205004548184858e-04
3.933910306845003388e-04
1.311303435615001581e-04
6.865374128602317640e-04
5.981019145805416964e-04
2.896618347531828945e-04
3.933910306845003930e-04
0.000000000000000000e+00
3.933910306845003930e-04
1.573564122738001572e-03
3.933910306845003930e-04
0.000000000000000000e+00
3.933910306845003930e-04
3.933910306845003930e-04
3.951991034689393578e-04
7.867820613690007861e-04
0.000000000000000000e+00
3.933910306845003930e-04
3.933910306845003930e-04
4.634503200902443114e-04
3.933910306845003930e-04
9.434007339422953128e-05
0.000000000000000000e+00
3.933910306845003930e-04
3.933910306845003930e-04
3.933910306845003930e-04
3.933910306845003930e-04
0.000000000000000000e+00
3.933910306845003930e-04
7.467953542467558117e-04
3.933910306845003930e-04
3.933910306845003930e-04
0.000000000000000000e+00
3.933910306845003930e-04
0.000000000000000000e+00
3.641568093995876379e-04
3.933910306845003930e-04
3.933910306845005015e-04
3.933910306845003930e-04
0.000000000000000000e+00
6.345976368078121935e-04
3.933910306845003930e-04
3.933910306845003930e-04
3.933910306845003930e-04
0.000000000000000000e+00
7.867820613690007861e-04
1.674115410204044451e-03
1.180173092053501179e-03
7.371927039212882414e-04
0.000000000000000000e+00
0.000000000000000000e+00
3.933910306845003930e-04
3.933910306845003930e-04
2.622606871230003162e-04
3.933910306845003930e-04
5.669769599951471383e-04
0.000000000000000000e+00
3.933910306845003930e-04
7.758482254867041673e-04
3.933910306845003930e-04
0.000000000000000000e+00
1.573564122738001572e-03
0.000000000000000000e+00
3.933910306845003930e-04
0.000000000000000000e+00
8.623554178447464125e-04
2.622606871230003162e-04
1.966955153422501965e-04
3.933910306845003930e-04
3.933910306845003930e-04
3.236885050607561654e-04
3.540519276160503537e-03
1.966955153422501965e-04
3.933910306845003930e-04
3.933910306845003930e-04
3.511904229689938989e-04
0.000000000000000000e+00
7.867820613690007861e-05
3.933910306845003930e-04
3.933910306845003930e-04
7.467953542467558117e-04
1.966955153422501965e-04
3.933910306845003930e-04
3.933910306845003930e-04
3.933910306845003930e-04
3.933910306845003930e-04
3.933910306845003930e-04
1.676568927501297579e-04
3.933910306845003930e-04
1.544277681654394646e-04
0.000000000000000000e+00
3.933910306845003930e-04
3.933910306845003930e-04
1.311303435615001581e-04
3.933910306845003930e-04
6.924419879747713497e-04
0.000000000000000000e+00
3.933910306845003930e-04
3.933910306845003930e-04
0.000000000000000000e+00
0.000000000000000000e+00
0.000000000000000000e+00
2.242328874901652197e-02
3.933910306845003930e-04
0.000000000000000000e+00
3.933910306845003930e-04
7.161884809849487906e-04
3.933910306845003930e-04
0.000000000000000000e+00
3.933910306845004473e-04
3.933910306845003930e-04
3.933910306845003930e-04
1.681629945840628878e-04
3.933910306845003930e-04
3.933910306845003930e-04
5.245213742460006325e-04
3.933910306845003930e-04
4.130152188831865616e-04
6.536149224776007698e-04
3.933910306845003930e-04
3.229534886895981836e-04
3.933910306845003930e-04
3.933910306845003930e-04
2.622606871230003162e-04
3.933910306845003930e-04
4.362911667949510614e-04
1.180173092053501179e-03
1.573564122738001572e-04
1.573564122738001572e-03
3.933910306845003930e-04
4.320728332178238175e-04
1.180173092053501179e-03
5.882367985501686007e-04
3.933910306845003930e-04
6.117027024955424153e-04
0.000000000000000000e+00
3.933910306845003930e-04
2.622606871230003162e-04
3.933910306845003930e-04
3.933910306845003930e-04
3.933910306845003930e-04
3.933910306845003930e-04
0.000000000000000000e+00
3.933910306845003930e-04
3.933910306845003930e-04
8.453872127151561061e-04
3.933910306845003388e-04
3.933910306845003930e-04
2.950432730133752948e-04
6.294256490952007373e-04
3.933910306845003930e-04
3.933910306845003930e-04
5.637929098510331910e-04
3.172988184039060968e-04
7.867820613690007861e-04
2.622606871230003162e-04
3.933910306845003930e-04
3.933910306845003930e-04
3.933910306845003930e-04
1.232496476419824190e-03
3.933910306845003930e-04
1.573564122738001572e-04
3.933910306845003930e-04
3.933910306845003930e-04
3.933910306845003930e-04
6.266415241604080498e-04
1.573564122738001572e-03
0.000000000000000000e+00
0.000000000000000000e+00
0.000000000000000000e+00
1.364730774777920619e-03
3.933910306845003930e-04
3.933910306845003930e-04
0.000000000000000000e+00
3.371923120152860512e-04
3.933910306845003930e-04
3.075907584635989480e-04
3.933910306845003930e-04
3.933910306845003930e-04
3.933910306845003930e-04
1.966955153422501965e-03
3.933910306845003930e-04
3.707353530345810816e-04
3.530634481678129508e-04
3.933910306845003930e-04
3.933910306845003930e-04
4.594871222680932876e-04
1.859326388218653960e-04
3.933910306845003930e-04
5.117159442184494563e-04
3.933910306845003930e-04
3.933910306845003930e-04
1.966955153422501965e-04
1.275189019615438862e-04
3.773366320934718366e-04
1.433205004548184858e-04
1.573564122738001572e-04
0.000000000000000000e+00
0.000000000000000000e+00
0.000000000000000000e+00
1.573564122738001572e-03
0.000000000000000000e+00
1.573564122738001572e-03
1.966955153422501965e-04
3.933910306845003930e-04
6.924419879747712413e-04
0.000000000000000000e+00
3.933910306845003930e-04
1.819313091393471920e-03
3.933910306845003930e-04
4.818366689074143482e-04
4.239346612828462412e-04
1.573564122738001572e-04
0.000000000000000000e+00
3.933910306845003930e-04
3.933910306845003930e-04
1.966955153422501965e-03
3.933910306845003930e-04
3.933910306845003930e-04
3.933910306845003930e-04
2.950432730133752948e-04
3.933910306845003930e-04
3.933910306845003930e-04
4.917387883556254913e-05
3.933910306845003930e-04
1.966955153422501965e-03
1.966955153422501965e-04
6.399046821896396892e-04
0.000000000000000000e+00
1.681629945840628878e-04
1.180173092053501179e-03
3.933910306845003930e-04
1.780470713970900339e-04
3.933910306845003930e-04
4.589562024652505128e-04
3.452399117188977582e-04
3.933910306845003930e-04
2.723476366277310413e-04
3.933910306845003930e-04
3.933910306845003930e-04
0.000000000000000000e+00
3.933910306845003930e-04
5.955037084266850923e-04
3.933910306845003930e-04
1.966955153422501965e-04
2.809935933460717093e-04
0.000000000000000000e+00
3.933910306845003930e-04
3.933910306845003930e-04
7.450527448265110769e-04
3.933910306845003930e-04
2.990509572902709024e-04
3.933910306845003930e-04
0.000000000000000000e+00
1.311303435615001581e-04
3.933910306845003930e-04
2.622606871230003162e-04
3.933910306845003930e-04
3.933910306845003930e-04
1.966955153422501965e-04
0.000000000000000000e+00
3.933910306845003930e-04
1.180173092053501179e-03
8.804100509601114379e-04
0.000000000000000000e+00
3.933910306845003930e-04
4.575811026933951646e-04
3.933910306845003930e-04
3.933910306845003930e-04
3.933910306845003930e-04
3.933910306845003930e-04
3.933910306845003930e-04
3.933910306845003930e-04
0.000000000000000000e+00
0.000000000000000000e+00
4.587851424928282660e-04
2.622606871230003162e-04
3.933910306845003930e-04
3.933910306845003930e-04
3.933910306845003930e-04
1.180173092053501179e-03
0.000000000000000000e+00
3.933910306845003930e-04
3.933910306845003930e-04
5.115760794962929264e-04
3.933910306845003930e-04
0.000000000000000000e+00
4.435809724853948975e-04
3.933910306845003930e-04
0.000000000000000000e+00
3.933910306845003930e-04
2.817501679796087294e-04
0.000000000000000000e+00
1.966955153422501965e-03
0.000000000000000000e+00
4.880779832201746662e-04
3.172988184039060968e-04
2.950432730133752948e-04
2.739093994249699017e-04
3.933910306845003930e-04
3.933910306845004473e-04
3.933910306845003930e-04
2.753737214791502751e-03
9.834775767112509826e-05
3.933910306845003930e-04
3.933910306845003930e-04
4.237298756093895412e-04
4.720692368214004717e-03
3.933910306845003930e-04
9.047993705743509474e-03
1.363938638114222464e-04
3.933910306845003930e-04
3.933910306845003930e-04
1.966955153422501965e-03
3.933910306845003930e-04
3.933910306845003930e-04
1.966955153422501965e-04
2.042861121560791580e-04
3.933910306845003930e-04
1.573564122738001572e-03
0.000000000000000000e+00
3.933910306845003930e-04
3.933910306845003930e-04
6.375945098077194311e-05
1.966955153422501965e-03
3.933910306845003930e-04
1.308657547458956386e-04
0.000000000000000000e+00
2.525159466946960284e-04
7.867820613690007861e-04
2.622606871230003162e-04
3.933910306845003930e-04
3.933910306845003930e-04
3.933910306845003930e-04
3.933910306845003930e-04
3.933910306845003930e-04
1.311303435615001581e-04
3.933910306845003930e-04
3.933910306845003930e-04
3.043688491223772935e-04
3.933910306845003930e-04
3.933910306845003930e-04
3.933910306845005015e-04
6.012496527894046604e-04
3.933910306845003930e-04
3.933910306845003930e-04
0.000000000000000000e+00
7.867820613690007861e-04
6.375945098077194311e-05
3.933910306845003930e-04
2.420867881135387034e-04
2.723476366277310413e-04
3.933910306845003930e-04
2.950432730133752948e-04
3.933910306845003930e-04
7.867820613690007861e-04
5.507474429583005503e-04
3.933910306845003930e-04
0.000000000000000000e+00
3.933910306845003930e-04
3.933910306845003930e-04
3.933910306845003930e-04
0.000000000000000000e+00
1.180173092053501179e-03
0.000000000000000000e+00
4.819982669740320493e-04
1.910795875994402739e-04
3.933910306845003930e-04
0.000000000000000000e+00
1.573564122738001572e-03
2.622606871230002620e-04
3.933910306845003930e-04
3.933910306845003930e-04
3.933910306845003930e-04
3.933910306845003930e-04
0.000000000000000000e+00
0.000000000000000000e+00
3.933910306845003930e-04
3.933910306845003930e-04
5.900865460267505896e-04
3.933910306845003930e-04
2.412066061233117463e-04
3.933910306845003930e-04
4.320728332178238175e-04
1.966955153422501965e-04
4.824132122466234926e-04
1.966955153422501965e-04
3.933910306845003930e-04
1.966955153422501965e-04
3.933910306845003930e-04
3.933910306845003930e-04
3.933910306845003930e-04
3.933910306845003930e-04
1.180173092053501179e-03
3.933910306845003930e-04
1.573564122738001572e-04
3.933910306845003930e-04
3.933910306845003930e-04
6.863680108360194990e-04
3.933910306845003930e-04
1.544277681654394646e-04
0.000000000000000000e+00
3.933910306845003930e-04
7.867820613690007861e-04
3.717383271785069812e-04
3.933910306845003930e-04
1.966955153422501965e-04
3.933910306845003930e-04
0.000000000000000000e+00
3.933910306845003930e-04
3.933910306845003930e-04
2.723476366277310413e-04
4.327301337529504757e-03
7.867820613690007861e-04
3.933910306845003930e-04
1.180173092053501179e-03
1.180173092053501179e-03
1.180173092053501179e-03
1.544277681654394646e-04
3.546495226123913633e-04
3.933910306845003930e-04
3.933910306845003930e-04
6.695836999753055447e-04
2.622606871230003162e-04
2.420867881135387034e-04
3.933910306845003930e-04
3.933910306845003930e-04
3.933910306845003930e-04
3.933910306845003930e-04
3.933910306845003930e-04
1.180173092053501179e-03
5.358299755440805575e-04
5.050318933893920567e-04
3.933910306845003930e-04
3.933910306845003930e-04
3.773366320934718366e-04
3.933910306845003930e-04
3.933910306845003930e-04
1.966955153422502507e-04
3.933910306845003930e-04
3.933910306845003930e-04
7.867820613690007861e-04
3.933910306845003930e-04
3.933910306845003930e-04
1.300776395115157188e-03
3.933910306845003930e-04
3.933910306845003930e-04
2.525159466946960284e-04
1.180173092053501179e-03
7.758482254867041673e-04
3.933910306845003930e-04
3.933910306845003930e-04
1.180173092053501179e-03
0.000000000000000000e+00
3.933910306845003930e-04
7.867820613690007861e-04
3.933910306845003930e-04
3.933910306845003930e-04
7.867820613690007861e-04
1.573564122738001572e-03
1.274513165447730941e-03
3.933910306845003930e-04
3.933910306845003930e-04
0.000000000000000000e+00
0.000000000000000000e+00
3.933910306845003930e-04
3.933910306845003930e-04
1.180173092053501179e-03
3.933910306845003930e-04
2.937192674046854826e-04
3.933910306845003930e-04
3.933910306845003930e-04
3.933910306845005015e-04
0.000000000000000000e+00
3.933910306845003930e-04
0.000000000000000000e+00
0.000000000000000000e+00
0.000000000000000000e+00
3.933910306845003930e-04
3.933910306845003930e-04
3.933910306845003930e-04
1.311303435615001581e-04
3.933910306845003930e-04
3.933910306845003930e-04
3.933910306845005015e-04
3.933910306845003930e-04
2.950432730133752948e-04
1.433205004548184858e-04
3.933910306845003930e-04
3.933910306845003930e-04
3.933910306845003930e-04
0.000000000000000000e+00
8.126926204102146887e-04
3.933910306845003930e-04
1.180173092053501266e-02
1.180173092053501179e-03
3.933910306845003930e-04
3.933910306845003930e-04
3.933910306845003930e-04
8.505415123497727563e-04
1.343797093887295901e-02
7.600771061862555966e-04
3.933910306845003930e-04
1.501546222100409765e-04
2.988477887340723919e-04
3.933910306845003930e-04
1.573564122738001572e-03
3.933910306845003930e-04
1.966955153422501965e-03
3.933910306845003930e-04
0.000000000000000000e+00
3.933910306845003930e-04
5.673147555852637051e-04
3.933910306845003930e-04
3.933910306845003930e-04
1.180173092053501179e-03
3.933910306845003930e-04
3.933910306845003930e-04
3.933910306845003930e-04
1.573564122738001572e-04
4.299689149817899065e-04
5.669769599951471383e-04
3.933910306845003930e-04
1.966955153422501965e-04
3.933910306845003930e-04
0.000000000000000000e+00
3.933910306845003930e-04
3.933910306845003930e-04
3.933910306845003930e-04
3.933910306845003930e-04
7.867820613690007861e-04
1.311303435615001581e-04
3.933910306845003930e-04
3.933910306845003930e-04
3.933910306845003930e-04
1.966955153422501965e-04
0.000000000000000000e+00
3.933910306845003930e-04
3.933910306845003930e-04
3.933910306845003930e-04
3.933910306845003930e-04
7.867820613690007861e-05
6.294256490952006289e-04
3.933910306845003930e-04
2.836573777926318526e-04
3.933910306845003930e-04
0.000000000000000000e+00
3.933910306845003930e-04
9.834775767112509826e-05
0.000000000000000000e+00
9.308035944140335234e-04
3.933910306845003930e-04
3.933910306845003930e-04
2.360346184107002358e-03
0.000000000000000000e+00
0.000000000000000000e+00
3.933910306845003930e-04
0.000000000000000000e+00
3.933910306845003930e-04
0.000000000000000000e+00
4.824132122466234926e-04
3.933910306845003930e-04
3.933910306845003930e-04
0.000000000000000000e+00
0.000000000000000000e+00
3.933910306845003930e-04
9.006815893638959753e-04
4.594871222680932876e-04
3.933910306845003930e-04
3.933910306845003930e-04
3.229534886895981836e-04
0.000000000000000000e+00
3.933910306845003930e-04
3.933910306845003930e-04
1.573564122738001572e-03
3.787739200420440697e-04
3.933910306845003930e-04
1.642746946192847864e-04
3.933910306845003930e-04
1.724856877373458263e-03
3.933910306845003930e-04
3.933910306845003930e-04
0.000000000000000000e+00
3.933910306845003930e-04
3.933910306845003930e-04
1.573564122738001572e-03
7.867820613690007861e-05
3.933910306845005015e-04
2.950432730133752948e-04
3.933910306845003930e-04
3.933910306845003930e-04
0.000000000000000000e+00
4.155905025324549418e-03
3.933910306845003930e-04
3.933910306845003930e-04
3.533749306865017429e-03
2.622606871230003162e-04
1.966955153422501965e-04
2.622606871230003162e-04
3.933910306845003930e-04
2.622606871230003162e-04
3.933910306845003930e-04
3.933910306845003930e-04
3.933910306845003930e-04
0.000000000000000000e+00
3.933910306845003930e-04
5.900865460267505896e-04
0.000000000000000000e+00
0.000000000000000000e+00
4.283371675904094206e-04
3.933910306845003930e-04
5.545182878916492600e-04
3.773366320934718366e-04
0.000000000000000000e+00
3.933910306845003930e-04
3.933910306845003930e-04
0.000000000000000000e+00
3.933910306845003930e-04
0.000000000000000000e+00
2.420867881135387034e-04
3.452399117188977582e-04
7.867820613690007861e-04
3.435551490445929649e-04
3.933910306845003930e-04
0.000000000000000000e+00
3.147128245476003144e-04
0.000000000000000000e+00
1.966955153422501965e-04
3.933910306845003930e-04
3.933910306845003930e-04
0.000000000000000000e+00
3.933910306845003930e-04
3.933910306845003930e-04
1.890864839008561378e-04
0.000000000000000000e+00
2.753737214791502751e-03
1.573564122738001572e-03
3.933910306845003930e-04
3.933910306845003930e-04
2.937192674046854826e-04
1.573564122738001572e-04
1.475216365066876474e-04
3.933910306845003930e-04
0.000000000000000000e+00
1.820784046997938189e-04
3.933910306845003930e-04
8.230607208110683011e-04
0.000000000000000000e+00
3.933910306845003930e-04
0.000000000000000000e+00
0.000000000000000000e+00
3.933910306845003930e-04
3.933910306845003930e-04
3.933910306845003930e-04
3.933910306845003930e-04
3.933910306845003930e-04
1.180173092053501179e-03
3.933910306845003930e-04
7.867820613690007861e-04
0.000000000000000000e+00
3.933910306845003930e-04
3.933910306845003930e-04
3.933910306845003930e-04
4.506769791782633261e-04
2.899150127173859195e-03
2.242328874901652197e-02
1.054804409254756501e-03
4.181857094083566654e-04
0.000000000000000000e+00
2.950432730133752948e-04
3.933910306845003930e-04
3.933910306845003930e-04
0.000000000000000000e+00
3.933910306845003930e-04
1.573564122738001572e-03
3.147128245476003144e-04
3.933910306845003930e-04
3.933910306845003930e-04
3.147128245476003144e-04
3.933910306845003930e-04
3.043688491223772935e-04
0.000000000000000000e+00
3.933910306845003930e-04
3.933910306845003930e-04
0.000000000000000000e+00
4.609522270483523286e-04
2.360346184107002358e-03
2.616014548841932787e-04
3.933910306845003930e-04
5.245213742460006325e-04
3.933910306845003930e-04
2.242328874901652197e-02
1.116408627048916501e-04
3.933910306845003930e-04
3.933910306845005015e-04
3.933910306845003930e-04
7.867820613690007861e-04
3.933910306845003930e-04
3.933910306845003930e-04
2.412066061233117463e-04
3.933910306845003930e-04
0.000000000000000000e+00
0.000000000000000000e+00
3.933910306845003930e-04
0.000000000000000000e+00
3.933910306845003930e-04
3.933910306845003930e-04
1.573564122738001572e-03
3.933910306845003930e-04
1.573564122738001572e-03
3.933910306845003930e-04
2.950432730133752948e-04
3.933910306845003930e-04
1.311303435615001581e-04
3.147128245476003144e-04
3.933910306845003930e-04
3.933910306845003930e-04
1.685961560076430256e-04
3.933910306845003930e-04
1.739237249007633121e-04
0.000000000000000000e+00
3.933910306845003930e-04
3.933910306845003930e-04
3.933910306845003930e-04
1.573564122738001572e-04
3.933910306845003930e-04
3.933910306845003930e-04
6.924419879747712413e-04
3.933910306845003930e-04
3.933910306845003930e-04
5.170173660674253283e-04
0.000000000000000000e+00
1.433205004548184858e-04
8.446162841497632540e-04
3.933910306845003930e-04
1.447773401241776378e-02
5.486682644593427025e-05
2.593229898282937464e-04
5.317442574459131221e-04
7.867820613690007861e-04
0.000000000000000000e+00
0.000000000000000000e+00
2.420867881135387034e-04
3.707353530345810816e-04
3.933910306845003930e-04
3.933910306845003930e-04
3.930303806267607916e-04
3.933910306845003930e-04
3.933910306845003930e-04
3.933910306845003930e-04
3.933910306845003930e-04
3.933910306845003930e-04
3.933910306845003930e-04
4.226936063575780530e-04
7.867820613690007861e-04
3.933910306845003930e-04
3.461194097092863925e-04
3.933910306845003930e-04
3.933910306845003930e-04
3.485854782208127733e-04
4.009509574152668736e-04
3.933910306845003930e-04
9.834775767112509826e-05
1.180173092053501179e-03
3.933910306845003930e-04
3.933910306845003930e-04
2.042861121560791580e-04
8.854992628114149783e-04
3.933910306845003930e-04
5.391216229951393537e-04
2.194673057837370810e-04
3.933910306845003930e-04
0.000000000000000000e+00
3.933910306845003930e-04
3.229534886895981836e-04
2.285752408326361816e-04
3.933910306845003930e-04
9.474876221588710836e-04
1.180173092053501179e-03
3.933910306845003930e-04
0.000000000000000000e+00
1.180173092053501179e-03
3.933910306845003930e-04
3.933910306845003930e-04
0.000000000000000000e+00
3.933910306845003930e-04
3.933910306845003930e-04
3.933910306845003930e-04
9.632650684361142388e-04
1.573564122738001572e-03
3.933910306845003930e-04
3.933910306845003930e-04
4.184785533019085360e-04
1.433205004548184858e-04
2.232817254097833003e-04
9.834775767112509826e-05
3.933910306845003930e-04
3.933910306845003930e-04
1.966955153422501965e-04
3.933910306845003930e-04
3.707353530345810816e-04
3.933910306845003930e-04
3.933910306845003930e-04
9.224933918106355095e-04
3.933910306845003930e-04
3.933910306845003930e-04
6.924419879747712413e-04
3.933910306845003930e-04
3.933910306845003930e-04
3.933910306845003930e-04
3.933910306845003930e-04
3.933910306845003930e-04
2.889067137936160261e-04
0.000000000000000000e+00
3.933910306845003930e-04
3.933910306845003930e-04
0.000000000000000000e+00
0.000000000000000000e+00
0.000000000000000000e+00
3.933910306845003930e-04
3.707353530345810816e-04
1.966955153422501965e-03
2.896618347531828945e-04
0.000000000000000000e+00
2.622606871230003162e-04
3.933910306845003930e-04
3.933910306845003930e-04
3.933910306845003930e-04
8.263783994138337212e-04
3.933910306845003930e-04
1.966955153422501965e-04
3.933910306845003930e-04
3.933910306845003930e-04
3.933910306845003930e-04
3.933910306845003930e-04
2.950432730133752948e-04
4.002198186936636415e-04
3.933910306845003930e-04
3.933910306845003930e-04
2.896618347531828945e-04
3.933910306845003930e-04
3.933910306845003930e-04
3.930303806267607916e-04
3.933910306845003930e-04
1.180173092053501179e-03
3.933910306845003930e-04
0.000000000000000000e+00
3.933910306845003930e-04
2.043045467836442823e-04
1.433205004548184858e-04
1.327705633131288812e-04
3.933910306845003930e-04
0.000000000000000000e+00
0.000000000000000000e+00
0.000000000000000000e+00
3.933910306845003930e-04
0.000000000000000000e+00
3.933910306845003930e-04
1.966955153422501965e-04
3.933910306845003930e-04
0.000000000000000000e+00
3.933910306845003930e-04
3.933910306845003930e-04
3.933910306845003930e-04
6.121438205648984700e-04
3.933910306845003930e-04
3.933910306845003930e-04
3.933910306845003930e-04
3.933910306845003930e-04
5.087486769430211173e-04
1.966955153422501965e-04
4.226936063575780530e-04
1.180173092053501179e-03
2.230910933288306891e-04
2.931552998758820143e-04
0.000000000000000000e+00
0.000000000000000000e+00
2.045633359559402217e-02
1.573564122738001572e-03
7.604818815382392416e-04
3.933910306845003930e-04
3.933910306845003930e-04
2.931552998758820143e-04
0.000000000000000000e+00
3.933910306845003388e-04
3.933910306845003930e-04
3.933910306845003930e-04
1.966955153422501965e-04
3.933910306845003930e-04
0.000000000000000000e+00
1.966955153422501965e-04
2.896618347531828945e-04
3.933910306845003930e-04
5.545182878916492600e-04
3.933910306845003930e-04
3.933910306845003930e-04
3.147128245476003144e-04
2.850465962328140512e-04
3.933910306845003930e-04
3.933910306845003930e-04
3.933910306845003930e-04
2.532036462930390189e-04
1.180173092053501179e-03
3.933910306845003930e-04
3.933910306845003930e-04
4.345943513944898473e-04
5.372493904284399635e-04
6.117027024955424153e-04
2.141685837952047103e-04
3.933910306845003930e-04
3.933910306845003930e-04
0.000000000000000000e+00
3.933910306845003930e-04
1.573564122738001572e-04
7.867820613690007861e-04
3.933910306845003930e-04
1.966955153422501965e-04
3.933910306845003930e-04
3.933910306845003930e-04
3.933910306845003930e-04
0.000000000000000000e+00
3.933910306845003930e-04
0.000000000000000000e+00
7.817901555511500662e-04
1.573564122738001572e-03
3.933910306845003930e-04
0.000000000000000000e+00
3.933910306845003930e-04
1.573564122738001572e-03
0.000000000000000000e+00
1.180173092053501179e-03
3.933910306845003930e-04
1.311303435615001581e-04
3.933910306845003930e-04
6.924419879747712413e-04
3.933910306845003930e-04
3.933910306845003930e-04
1.311303435615001581e-04
3.933910306845003930e-04
6.902994189196763044e-04
2.931552998758820143e-04
3.933910306845003930e-04
3.713635938760983298e-03
3.933910306845003930e-04
2.836573777926318526e-04
1.311303435615001581e-04
0.000000000000000000e+00
0.000000000000000000e+00
7.867820613690007861e-04
3.933910306845003930e-04
3.933910306845003930e-04
3.511904229689938989e-04
2.753737214791502751e-03
3.933910306845003930e-04
3.933910306845003930e-04
0.000000000000000000e+00
0.000000000000000000e+00
3.933910306845003930e-04
4.824132122466234926e-04
3.933910306845003930e-04
1.966955153422501965e-04
1.966955153422501965e-03
3.933910306845003930e-04
3.933910306845003930e-04
3.933910306845003930e-04
7.867820613690007861e-04
5.900865460267505896e-04
3.933910306845003930e-04
2.950432730133752948e-04
3.933910306845003930e-04
3.933910306845003930e-04
3.933910306845003930e-04
0.000000000000000000e+00
3.933910306845003930e-04
3.933910306845003930e-04
1.140186384931256205e-03
5.793236695063657890e-04
3.933910306845003930e-04
8.584515287040436369e-04
3.933910306845003930e-04
6.022608266393139360e-04
4.575811026933951646e-04
3.933910306845003930e-04
3.933910306845003930e-04
3.933910306845003930e-04
3.933910306845003930e-04
3.933910306845003930e-04
1.673308360510032612e-04
3.933910306845003930e-04
3.933910306845003930e-04
3.933910306845003930e-04
3.933910306845003930e-04
2.990509572902709024e-04
0.000000000000000000e+00
1.966955153422501965e-04
3.933910306845003930e-04
3.933910306845003930e-04
1.966955153422501965e-04
3.933910306845003930e-04
7.867820613690007861e-04
3.933910306845003930e-04
0.000000000000000000e+00
3.933910306845003930e-04
3.933910306845003930e-04
2.247948746768573675e-04
3.933910306845005015e-04
3.933910306845003930e-04
4.575811026933951646e-04
4.575811026933951646e-04
0.000000000000000000e+00
5.981019145805418049e-04
3.933910306845003930e-04
3.933910306845003930e-04
3.933910306845003930e-04
3.933910306845003930e-04
3.933910306845003930e-04
3.933910306845003930e-04
0.000000000000000000e+00
0.000000000000000000e+00
3.229534886895981836e-04
0.000000000000000000e+00
1.890864839008561378e-04
3.933910306845003930e-04
3.933910306845003930e-04
3.933910306845003930e-04
4.320728332178238175e-04
3.933910306845003930e-04
3.933910306845003930e-04
1.311303435615001581e-04
3.933910306845003930e-04
4.570926685406305500e-04
3.933910306845003930e-04
1.966955153422501965e-04
3.933910306845003930e-04
0.000000000000000000e+00
2.074583918626349971e-04
7.867820613690007861e-04
7.867820613690007861e-04
6.949628642584724375e-03
1.966955153422501965e-04
3.933910306845003930e-04
3.933910306845003930e-04
3.933910306845003930e-04
1.966955153422501965e-04
0.000000000000000000e+00
3.933910306845003930e-04
3.685963519606441749e-04
0.000000000000000000e+00
2.622606871230003162e-04
2.622606871230003162e-04
1.116408627048916501e-04
6.949628642584724375e-03
2.185505726025002184e-04
1.966955153422501965e-04
0.000000000000000000e+00
1.573564122738001572e-04
1.966955153422502507e-04
3.933910306845003930e-04
3.933910306845003930e-04
0.000000000000000000e+00
3.933910306845003930e-04
3.933910306845003930e-04
3.933910306845003930e-04
3.933910306845003930e-04
7.336072627646291183e-04
2.836573777926318526e-04
3.933910306845003930e-04
1.749600852705500854e-03
1.521844245611886468e-04
0.000000000000000000e+00
3.933910306845003930e-04
1.103283920184101050e-03
3.933910306845003930e-04
0.000000000000000000e+00
0.000000000000000000e+00
1.311303435615001581e-04
3.933910306845003930e-04
3.933910306845003930e-04
2.622606871230003162e-04
6.924419879747712413e-04
3.933910306845003930e-04
3.933910306845003930e-04
3.933910306845003930e-04
1.743696818695432285e-03
9.537650315727550171e-04
3.933910306845003930e-04
3.933910306845003930e-04
0.000000000000000000e+00
0.000000000000000000e+00
3.933910306845003930e-04
2.622606871230003162e-04
1.037291959313174985e-04
3.933910306845003930e-04
3.933910306845003930e-04
1.311303435615001581e-04
3.933910306845003930e-04
3.933910306845003930e-04
3.933910306845003930e-04
3.933910306845003930e-04
3.933910306845003930e-04
3.933910306845003930e-04
3.713590995931545036e-04
3.933910306845003930e-04
3.933910306845003930e-04
0.000000000000000000e+00
7.867820613690007861e-04
1.966955153422501965e-03
3.172988184039060426e-04
3.933910306845003930e-03
3.933910306845003930e-04
3.933910306845003930e-04
2.622606871230003162e-04
3.933910306845003930e-04
3.933910306845003930e-04
3.933910306845003930e-04
6.399046821896396892e-04
3.533749306865017429e-03
3.840677851215399188e-04
0.000000000000000000e+00
2.420867881135387034e-04
3.933910306845003930e-04
3.933910306845003930e-04
0.000000000000000000e+00
0.000000000000000000e+00
3.933910306845003930e-04
1.573564122738001572e-03
0.000000000000000000e+00
3.933910306845003930e-04
1.724856877373458263e-03
1.180173092053501179e-03
0.000000000000000000e+00
7.867820613690007861e-04
3.933910306845003930e-04
3.933910306845003930e-04
1.966955153422501965e-04
1.180173092053501179e-03
3.933910306845003930e-04
7.758482254867041673e-04
1.180173092053501179e-03
3.933910306845003930e-04
1.433205004548184858e-04
5.900865460267506329e-03
3.933910306845003930e-04
3.933910306845003930e-04
3.933910306845003930e-04
5.981019145805418049e-04
3.933910306845003930e-04
3.933910306845003930e-04
1.966955153422501965e-04
3.933910306845003930e-04
3.933910306845003930e-04
3.933910306845003930e-04
3.933910306845003930e-04
3.933910306845003930e-04
3.933910306845003930e-04
3.933910306845003930e-04
3.160274256178535984e-04
1.573564122738001572e-03
1.573564122738001572e-03
3.933910306845003930e-04
3.933910306845003930e-04
3.933910306845003930e-04
2.622606871230002620e-04
2.622606871230003162e-04
3.933910306845003930e-04
3.933910306845003930e-04
4.880779832201746662e-04
0.000000000000000000e+00
3.933910306845003930e-04
1.966955153422501965e-04
3.933910306845003930e-04
3.525991500360095392e-04
3.933910306845003930e-04
1.966955153422501965e-03
3.933910306845003930e-04
4.345943513944898473e-04
1.573564122738001572e-03
3.933910306845003930e-04
8.623554178447464125e-04
3.933910306845003930e-04
3.933910306845003930e-04
5.677563045658475752e-04
3.933910306845003930e-04
3.933910306845003930e-04
3.933910306845003930e-04
0.000000000000000000e+00
7.867820613690007861e-04
3.933910306845003930e-04
3.933910306845003930e-04
3.933910306845003930e-04
7.161884809849487906e-04
0.000000000000000000e+00
3.933910306845003930e-04
2.203734561220352145e-04
2.360346184107002358e-03
3.933910306845003930e-04
7.867820613690007861e-04
3.933910306845003930e-04
3.933910306845003930e-04
3.933910306845003930e-04
0.000000000000000000e+00
4.917387883556254913e-05
2.931552998758820143e-04
1.966955153422501965e-04
3.504908945740496163e-04
3.933910306845003930e-04
4.917387883556254913e-05
3.933910306845003930e-04
3.933910306845003930e-04
0.000000000000000000e+00
3.933910306845003930e-04
0.000000000000000000e+00
1.966955153422501965e-03
1.311303435615001581e-04
3.759098045873365975e-04
6.473770101215123307e-04
3.933910306845003930e-04
2.247948746768573675e-04
7.867820613690007861e-04
3.933910306845003930e-04
2.896618347531828945e-04
6.556517178075007635e-04
2.360346184107002358e-04
7.305833426997864442e-04
1.433205004548184858e-04
2.360346184107002358e-03
3.933910306845003930e-04
1.966955153422501965e-04
3.933910306845003930e-04
3.933910306845003930e-04
2.420867881135387034e-04
7.867820613690007861e-04
7.867820613690007861e-04
0.000000000000000000e+00
3.933910306845003930e-04
9.175361427482871951e-04
3.933910306845003930e-04
0.000000000000000000e+00
3.933910306845003930e-04
1.966955153422501965e-04
3.933910306845003930e-04
3.933910306845003930e-04
0.000000000000000000e+00
3.933910306845003930e-04
7.081038552321007075e-04
3.933910306845003930e-04
1.573564122738001572e-04
2.412066061233117463e-04
0.000000000000000000e+00
3.933910306845003930e-04
3.147128245476003144e-04
0.000000000000000000e+00
3.933910306845003930e-04
0.000000000000000000e+00
3.933910306845003930e-04
3.933910306845003930e-04
1.180173092053501179e-03
1.123974373384286837e-04
1.180173092053501179e-03
0.000000000000000000e+00
9.834775767112509826e-05
3.933910306845003930e-04
3.933910306845003930e-04
5.637929098510331910e-04
2.074583918626349971e-04
0.000000000000000000e+00
2.950432730133752948e-04
6.345976368078121935e-04
3.933910306845003930e-04
3.933910306845003930e-04
1.180173092053501179e-03
1.180173092053501179e-03
3.933910306845003930e-04
3.933910306845003930e-04
3.933910306845003930e-04
2.836573777926318526e-04
2.723476366277310413e-04
9.047993705743509474e-03
4.362911667949510614e-04
0.000000000000000000e+00
2.622606871230002620e-04
3.933910306845003930e-04
5.442413775954699695e-04
0.000000000000000000e+00
3.933910306845003930e-04
2.809935933460717093e-04
0.000000000000000000e+00
1.180173092053501179e-03
3.933910306845003930e-04
2.950432730133752948e-04
3.933910306845003930e-04
1.180173092053501179e-03
2.723476366277310413e-04
0.000000000000000000e+00
3.478474498015266241e-04
3.933910306845003930e-04
5.673147555852637051e-04
3.933910306845003930e-04
2.360346184107002358e-03
1.311303435615001581e-04
3.933910306845003930e-04
3.933910306845003930e-04
4.320728332178238175e-04
3.933910306845003930e-04
3.933910306845003930e-04
3.933910306845003930e-04
3.933910306845003930e-04
3.933910306845003930e-04
1.893739050713484921e-04
0.000000000000000000e+00
3.933910306845003930e-04
3.933910306845003930e-04
2.420867881135387034e-04
3.933910306845003930e-04
0.000000000000000000e+00
3.933910306845003930e-04
3.933910306845003930e-04
0.000000000000000000e+00
3.059708016435003057e-04
3.933910306845003930e-04
3.933910306845003930e-04
3.933910306845003930e-04
3.933910306845003930e-04
2.950432730133752948e-04
7.758482254867041673e-04
2.622606871230002620e-04
1.180173092053501179e-03
0.000000000000000000e+00
3.933910306845003930e-04
3.933910306845003930e-04
3.641568093995876379e-04
0.000000000000000000e+00
2.950432730133752948e-04
2.950432730133752948e-04
3.933910306845003930e-04
3.933910306845003930e-04
3.933910306845003930e-04
3.933910306845003930e-04
3.933910306845003930e-04
3.933910306845003930e-04
3.933910306845003930e-04
0.000000000000000000e+00
4.575811026933951646e-04
3.933910306845003930e-04
1.681629945840628878e-04
4.136672257497861016e-04
2.950432730133752948e-04
3.933910306845003930e-04
3.933910306845003930e-04
3.933910306845003930e-04
3.933910306845003930e-04
3.933910306845003930e-04
0.000000000000000000e+00
0.000000000000000000e+00
3.933910306845003930e-04
3.933910306845003930e-04
1.859326388218653960e-04
0.000000000000000000e+00
3.933910306845003930e-04
3.933910306845003930e-04
3.933910306845003930e-04
4.275314769898381270e-04
3.933910306845003930e-04
3.933910306845003930e-04
5.170173660674253283e-04
2.809935933460717093e-04
5.050318933893920567e-04
3.933910306845003930e-04
5.521307403722428573e-04
3.059708016435003057e-04
3.933910306845003930e-04
9.834775767112509826e-05
3.933910306845003930e-04
4.345943513944898473e-04
0.000000000000000000e+00
1.966955153422501965e-03
1.311303435615001581e-04
3.933910306845003930e-04
3.707353530345810816e-04
3.933910306845003930e-04
5.599440068697117672e-04
3.933910306845003930e-04
0.000000000000000000e+00
1.573564122738001572e-03
4.820940877228223017e-04
3.933910306845003930e-04
2.622606871230003162e-04
1.589608513015886666e-03
1.819313091393471920e-03
6.103123788563401871e-04
2.622606871230003162e-04
1.681629945840628878e-04
8.854992628114149783e-04
0.000000000000000000e+00
3.933910306845003930e-04
2.827261220255264731e-04
0.000000000000000000e+00
3.933910306845003930e-04
3.933910306845003930e-04
9.971741991556422584e-04
3.933910306845003930e-04
3.933910306845003930e-04
0.000000000000000000e+00
0.000000000000000000e+00
3.933910306845003930e-04
2.723476366277310413e-04
5.293812447062963425e-04
3.933910306845003930e-04
0.000000000000000000e+00
3.933910306845003930e-04
3.933910306845005015e-04
1.180173092053501179e-03
3.933910306845003930e-04
3.933910306845003930e-04
3.685963519606441749e-04
3.933910306845003930e-04
1.573564122738001572e-04
4.679848064651411519e-04
0.000000000000000000e+00
3.933910306845003930e-04
2.622606871230003162e-04
3.278258589037503818e-04
1.311303435615001581e-04
2.827261220255264731e-04
0.000000000000000000e+00
1.311303435615001581e-04
3.933910306845003930e-04
3.933910306845003930e-04
6.294256490952006289e-04
1.966955153422502236e-04
1.966955153422501965e-04
3.933910306845003930e-04
1.966955153422501965e-04
2.896618347531828945e-04
4.957067837793525640e-04
0.000000000000000000e+00
3.933910306845003930e-04
0.000000000000000000e+00
1.311303435615001581e-04
2.809935933460717093e-04
3.229534886895981836e-04
1.966955153422501965e-03
4.880779832201746662e-04
3.933910306845003930e-04
0.000000000000000000e+00
3.324696756997328243e-04
3.933910306845003930e-04
3.933910306845003930e-04
1.180173092053501179e-03
3.933910306845005015e-04
3.933910306845003930e-04
2.622606871230002620e-04
3.933910306845003930e-04
0.000000000000000000e+00
7.587651433996734328e-04
3.933910306845003930e-04
1.739237249007633121e-04
1.966955153422501965e-04
4.575811026933951646e-04
3.933910306845003930e-04
3.933910306845003930e-04
3.933910306845003930e-04
0.000000000000000000e+00
3.933910306845003930e-04
2.574008166627044436e-04
3.933910306845003930e-04
7.867820613690007861e-04
3.933910306845003930e-04
0.000000000000000000e+00
3.933910306845003930e-04
4.880779832201746662e-04
3.933910306845003930e-04
3.933910306845003930e-04
4.435809724853948975e-04
0.000000000000000000e+00
3.933910306845003930e-04
3.933910306845003930e-04
3.933910306845003930e-04
3.933910306845003930e-04
2.622606871230003162e-04
3.933910306845003930e-04
7.400382575646561722e-04
3.933910306845003930e-04
3.933910306845003930e-04
3.172988184039060968e-04
0.000000000000000000e+00
3.933910306845003930e-04
1.631675225939634426e-04
3.577807002644934524e-04
7.867820613690007861e-04
0.000000000000000000e+00
3.933910306845003930e-04
5.928452691974830371e-04
1.053709374077456840e-03
7.867820613690007861e-04
2.622606871230002078e-04
7.474429583005507902e-03
2.574008166627044436e-04
3.933910306845003930e-04
3.933910306845003930e-04
4.961595790160934581e-04
3.933910306845003930e-04
3.933910306845003930e-04
3.933910306845003930e-04
3.933910306845003930e-04
1.966955153422501965e-04
3.577807002644934524e-04
6.345976368078121935e-04
3.933910306845003930e-04
3.933910306845003930e-04
3.933910306845003930e-04
3.933910306845003930e-04
3.933910306845003930e-04
3.933910306845003930e-04
3.933910306845003930e-04
1.311303435615001581e-04
2.681360817124132934e-04
3.933910306845003930e-04
4.575811026933951646e-04
0.000000000000000000e+00
7.867820613690007861e-04
3.933910306845003930e-04
3.933910306845003930e-04
3.933910306845003930e-04
2.950432730133752948e-04
3.933910306845003930e-04
3.933910306845003930e-04
3.933910306845003930e-04
1.966955153422501965e-03
3.933910306845003930e-04
3.933910306845003930e-04
7.801199390110543676e-04
3.385242042385661499e-04
3.933910306845003930e-04
3.933910306845003930e-04
4.022178177589266703e-04
4.377122097539217914e-04
3.933910306845003930e-04
3.933910306845003930e-04
0.000000000000000000e+00
2.525159466946960284e-04
3.759098045873365975e-04
3.933910306845003930e-04
0.000000000000000000e+00
3.933910306845003930e-04
3.933910306845003930e-04
4.679848064651411519e-04
3.933910306845003930e-04
3.147128245476003144e-04
3.933910306845003930e-04
0.000000000000000000e+00
3.933910306845003930e-04
3.933910306845003930e-04
9.816994047017919833e-04
3.933910306845003930e-04
0.000000000000000000e+00
3.933910306845003930e-04
3.933910306845003930e-04
0.000000000000000000e+00
3.933910306845003930e-04
0.000000000000000000e+00
0.000000000000000000e+00
5.179490409536323826e-04
3.933910306845003930e-04
0.000000000000000000e+00
2.141685837952047103e-04
2.937192674046854826e-04
0.000000000000000000e+00
3.577807002644934524e-04
0.000000000000000000e+00
3.933910306845003930e-04
3.933910306845003930e-04
3.933910306845003930e-04
1.966955153422501965e-04
3.933910306845003930e-04
6.345976368078121935e-04
6.542766180356453069e-04
3.933910306845003930e-04
2.360346184107002358e-03
3.933910306845003930e-04
1.180173092053501179e-03
3.933910306845003930e-04
3.933910306845003930e-04
1.966955153422502507e-04
3.933910306845003930e-04
0.000000000000000000e+00
1.235780129186683069e-04
0.000000000000000000e+00
3.933910306845003930e-04
1.724856877373458263e-03
3.933910306845005015e-04
3.933910306845003930e-04
3.933910306845003930e-04
3.933910306845003930e-04
5.673147555852637051e-04
1.703088176459075388e-03
0.000000000000000000e+00
3.933910306845003930e-04
2.420867881135387034e-04
2.844877144783129817e-04
0.000000000000000000e+00
2.717482182875934462e-04
2.753737214791502751e-03
0.000000000000000000e+00
5.293812447062963425e-04
3.933910306845003930e-04
3.933910306845003930e-04
3.933910306845003930e-04
3.046536406938381292e-03
3.933910306845003930e-04
0.000000000000000000e+00
1.140186384931256205e-03
3.933910306845003930e-04
1.685961560076430256e-04
3.933910306845003930e-04
3.933910306845003930e-04
3.933910306845003930e-04
3.933910306845003930e-04
8.249055912698885365e-04
0.000000000000000000e+00
0.000000000000000000e+00
2.809935933460717093e-04
3.933910306845003930e-03
8.428620112706396899e-04
2.522112382997310914e-04
3.933910306845003930e-04
1.610062823966225106e-03
8.974469700279745976e-04
0.000000000000000000e+00
1.966955153422501965e-04
1.966955153422501965e-04
3.707353530345810816e-04
0.000000000000000000e+00
3.059708016435003057e-04
3.933910306845003930e-04
3.933910306845003930e-04
3.933910306845003930e-04
3.933910306845003930e-04
0.000000000000000000e+00
0.000000000000000000e+00
0.000000000000000000e+00
7.867820613690007861e-04
2.360346184107002358e-04
3.933910306845003930e-04
3.933910306845003930e-04
1.966955153422501965e-03
3.933910306845003930e-04
3.933910306845003930e-04
5.981019145805416964e-04
5.050318933893920567e-04
3.933910306845003930e-04
4.339898962990750746e-04
3.933910306845003930e-04
1.966955153422501965e-03
0.000000000000000000e+00
3.933910306845003930e-04
2.420867881135387034e-04
2.950432730133752948e-04
0.000000000000000000e+00
2.247948746768573675e-04
3.933910306845003930e-04
3.933910306845003930e-04
1.685961560076430256e-04
3.784459659925312313e-04
5.769392216637638958e-04
3.933910306845003930e-04
3.933910306845003930e-04
3.933910306845005015e-04
3.933910306845003930e-04
3.933910306845003930e-04
4.018609227516065476e-04
3.933910306845003930e-04
0.000000000000000000e+00
3.933910306845003930e-04
3.933910306845003930e-04
1.311303435615001581e-04
3.933910306845003930e-04
5.081786553978063104e-04
3.933910306845005015e-04
3.933910306845003930e-04
3.933910306845003930e-04
1.739237249007633121e-04
3.933910306845003930e-04
4.320728332178238175e-04
6.294256490952006289e-03
3.933910306845003930e-04
1.966955153422501965e-04
3.773366320934718366e-04
3.933910306845003930e-04
8.505415123497727563e-04
3.933910306845003930e-04
3.933910306845003930e-04
7.494851734786804609e-04
3.933910306845003930e-04
3.933910306845003930e-04
2.753737214791502751e-03
3.787739200420440697e-04
3.933910306845003930e-04
3.933910306845003930e-04
3.933910306845003930e-04
3.933910306845003930e-04
0.000000000000000000e+00
3.787739200420440697e-04
3.933910306845003930e-04
0.000000000000000000e+00
3.933910306845003930e-04
3.933910306845003930e-04
1.966955153422501965e-04
0.000000000000000000e+00
3.933910306845003930e-04
6.128647889095806397e-04
9.834775767112509826e-05
3.933910306845003930e-04
3.933910306845003930e-04
9.006815893638959753e-04
1.819313091393471920e-03
0.000000000000000000e+00
3.933910306845003930e-04
3.200006796780720426e-04
6.949628642584724375e-03
3.933910306845003930e-04
1.311303435615001581e-04
0.000000000000000000e+00
3.933910306845003930e-04
3.933910306845003930e-04
3.933910306845003930e-04
1.573564122738001572e-03
1.311303435615001581e-04
3.084424238996295625e-04
3.933910306845003930e-04
3.933910306845003930e-04
2.704563335955940473e-04
1.348380228193100635e-03
3.933910306845005015e-04
2.950432730133752948e-04
3.933910306845003930e-04
0.000000000000000000e+00
3.933910306845003930e-04
3.933910306845003930e-04
0.000000000000000000e+00
1.433205004548184858e-04
4.327301337529504757e-03
3.933910306845003930e-04
0.000000000000000000e+00
1.966955153422501965e-04
2.753737214791502751e-04
3.933910306845003930e-04
3.933910306845003930e-04
3.087065419045290711e-04
3.229534886895981836e-04
3.933910306845004473e-04
6.294256490952006289e-03
3.933910306845003930e-04
1.685961560076430256e-04
3.933910306845003930e-04
3.933910306845003930e-04
3.933910306845003930e-04
1.966955153422501965e-03
3.933910306845003930e-04
1.966955153422501965e-04
0.000000000000000000e+00
3.933910306845003930e-04
4.342085653634516389e-04
4.575811026933951646e-04
5.955037084266850923e-04
3.933910306845003930e-04
0.000000000000000000e+00
3.933910306845003930e-04
3.229534886895981836e-04
8.446162841497632540e-04
3.933910306845003930e-04
3.933910306845003930e-04
3.933910306845003930e-04
1.180173092053501179e-03
3.933910306845003930e-04
1.212970639850927297e-03
0.000000000000000000e+00
3.933910306845003388e-04
3.933910306845003930e-04
3.075907584635989480e-04
3.933910306845003930e-04
5.599440068697117672e-04
1.180173092053501179e-03
3.933910306845003930e-04
3.933910306845003930e-04
3.933910306845003930e-04
0.000000000000000000e+00
1.311303435615001581e-04
3.933910306845003930e-04
3.933910306845003930e-04
0.000000000000000000e+00
3.933910306845003930e-04
3.933910306845003930e-04
3.933910306845003930e-04
3.787739200420440697e-04
3.147128245476003144e-03
3.933910306845003930e-04
3.933910306845003930e-04
3.933910306845003930e-04
1.966955153422501965e-04
3.933910306845003930e-04
7.867820613690007861e-04
0.000000000000000000e+00
3.933910306845003930e-04
3.933910306845003930e-04
3.933910306845003930e-04
0.000000000000000000e+00
3.933910306845003930e-04
1.573564122738001572e-03
3.933910306845003930e-04
1.327922635227251486e-02
3.933910306845003930e-04
3.933910306845003930e-04
0.000000000000000000e+00
0.000000000000000000e+00
1.123974373384286837e-04
3.452399117188977582e-04
3.933910306845003930e-04
3.933910306845003930e-04
1.180173092053501179e-03
0.000000000000000000e+00
3.933910306845003930e-04
3.147128245476003144e-03
0.000000000000000000e+00
8.188157978985982936e-04
3.933910306845003930e-04
0.000000000000000000e+00
3.933910306845003930e-04
3.933910306845003930e-04
3.707353530345810816e-04
6.345976368078121935e-04
3.059708016435003057e-04
7.216428985684252744e-04
7.867820613690007861e-04
3.371923120152860512e-04
2.723476366277310413e-04
9.047993705743509474e-03
3.933910306845003930e-04
6.128647889095806397e-04
3.933910306845003930e-04
3.933910306845003930e-04
3.933910306845003930e-04
3.933910306845003930e-04
3.933910306845003930e-04
1.180173092053501179e-03
3.933910306845003930e-04
1.966955153422501965e-04
3.933910306845003930e-04
3.933910306845005015e-04
3.933910306845003930e-04
0.000000000000000000e+00
7.867820613690007861e-04
3.933910306845003930e-04
3.933910306845003930e-04
2.753737214791502751e-04
0.000000000000000000e+00
3.933910306845003930e-04
3.933910306845003930e-04
2.622606871230003162e-04
2.896618347531828945e-04
0.000000000000000000e+00
3.933910306845005015e-04
3.933910306845003930e-04
3.933910306845003930e-04
1.573564122738001572e-03
3.933910306845003930e-04
3.933910306845003930e-04
9.834775767112509826e-05
3.933910306845003930e-04
1.966955153422502507e-04
3.933910306845003930e-04
2.232817254097833003e-04
0.000000000000000000e+00
1.966955153422501965e-03
3.933910306845003930e-04
7.867820613690007861e-04
0.000000000000000000e+00
7.867820613690007861e-04
3.933910306845003930e-04
3.933910306845003930e-04
3.805455932659902989e-04
2.937192674046854826e-04
0.000000000000000000e+00
3.933910306845003930e-04
3.933910306845003930e-04
0.000000000000000000e+00
1.966955153422501965e-04
2.360346184107002358e-04
1.180173092053501179e-03
7.867820613690007861e-04
4.327301337529504757e-03
3.933910306845003930e-04
0.000000000000000000e+00
3.933910306845003930e-04
0.000000000000000000e+00
3.933910306845003930e-04
3.933910306845003930e-04
2.622606871230003162e-04
0.000000000000000000e+00
3.933910306845003930e-04
2.574008166627043894e-04
1.116408627048916501e-04
3.933910306845003930e-04
5.708500633050034084e-04
3.933910306845003930e-04
4.299689149817899065e-04
3.933910306845003930e-04
1.573564122738001572e-03
3.933910306845003930e-04
3.933910306845003930e-04
3.933910306845003930e-04
0.000000000000000000e+00
3.933910306845003930e-04
0.000000000000000000e+00
3.933910306845003930e-04
3.933910306845003930e-04
3.933910306845003930e-04
1.966955153422501965e-04
0.000000000000000000e+00
0.000000000000000000e+00
0.000000000000000000e+00
3.933910306845003930e-04
3.933910306845003930e-04
3.933910306845003930e-04
3.933910306845003930e-04
7.867820613690007861e-04
3.933910306845003930e-04
0.000000000000000000e+00
6.556517178075007635e-04
3.933910306845003930e-04
0.000000000000000000e+00
3.933910306845003930e-04
5.673147555852637051e-04
3.713590995931545036e-04
1.966955153422501965e-04
7.867820613690007861e-04
3.933910306845003930e-04
3.933910306845003930e-04
3.933910306845003930e-04
3.147128245476003144e-04
3.933910306845003930e-04
3.933910306845003930e-04
3.475677634714572392e-04
0.000000000000000000e+00
3.229534886895981836e-04
0.000000000000000000e+00
9.441384736428008349e-04
1.780470713970900339e-04
2.889067137936160261e-04
3.933910306845003930e-04
0.000000000000000000e+00
3.933910306845003930e-04
7.987511607940773768e-04
3.933910306845003930e-04
3.933910306845003930e-04
2.988477887340723377e-04
3.933910306845003930e-04
3.933910306845003930e-04
4.594871222680932876e-04
4.917387883556254913e-05
3.933910306845003930e-04
3.933910306845003930e-04
1.966955153422501965e-04
3.933910306845003930e-04
3.933910306845003930e-04
0.000000000000000000e+00
0.000000000000000000e+00
0.000000000000000000e+00
1.005012243467276510e-03
3.933910306845003930e-04
1.966955153422501965e-03
3.933910306845003930e-04
1.966955153422501965e-04
3.933910306845003930e-04
3.933910306845003930e-04
0.000000000000000000e+00
3.933910306845003930e-04
3.707353530345810816e-04
4.342085653634516389e-04
3.147128245476003144e-04
2.896618347531828945e-04
2.322076542897535695e-04
3.933910306845003930e-04
3.933910306845003930e-04
3.933910306845003930e-04
2.950432730133752948e-04
3.933910306845003930e-04
1.555937938969762478e-04
2.817501679796087294e-04
0.000000000000000000e+00
3.059708016435003057e-04
3.840677851215399188e-04
0.000000000000000000e+00
3.933910306845003930e-04
2.525159466946960284e-04
3.933910306845003930e-04
3.933910306845003930e-04
3.933910306845003930e-04
3.933910306845003930e-04
3.933910306845003930e-04
3.933910306845003930e-04
3.933910306845003930e-04
3.933910306845003930e-04
0.000000000000000000e+00
1.573564122738001572e-04
2.314694646235674193e-04
2.420867881135387034e-04
3.933910306845003930e-04
3.933910306845005015e-04
2.503397467992275228e-04
3.933910306845003930e-04
3.933910306845003930e-04
1.116408627048916501e-04
2.503397467992275228e-04
3.933910306845003930e-04
3.933910306845003930e-04
3.933910306845003930e-04
2.931552998758820143e-04
3.147128245476003144e-04
3.933910306845003930e-04
3.933910306845003930e-04
7.867820613690007861e-04
0.000000000000000000e+00
3.933910306845003930e-04
3.933910306845003930e-04
3.933910306845003930e-04
3.933910306845003930e-04
3.933910306845003930e-04
0.000000000000000000e+00
3.933910306845003930e-04
3.933910306845003930e-04
3.933910306845003930e-04
6.556517178075007635e-04
