3.796507213363705573e-04
1.153083928100707945e-04
3.796507213363705573e-04
0.000000000000000000e+00
3.796507213363705573e-04
2.531004808909137591e-04
1.138952164009111563e-03
1.138952164009111563e-03
1.138952164009111563e-03
1.138952164009111563e-03
1.138952164009111563e-03
3.796507213363705573e-04
0.000000000000000000e+00
6.643887623386483940e-04
1.518602885345482229e-03
1.138952164009111563e-03
1.265502404454568795e-04
3.796507213363705573e-04
3.796507213363705573e-04
3.796507213363705573e-04
0.000000000000000000e+00
1.138952164009111563e-03
2.657555049354593576e-03
1.265502404454568795e-04
1.138952164009111563e-03
3.796507213363705573e-04
1.138952164009111563e-03
1.025056947608200472e-02
2.531004808909137591e-04
1.138952164009111563e-03
5.474996616164542335e-04
1.138952164009111563e-03
1.138952164009111563e-03
4.133762642425287581e-04
0.000000000000000000e+00
1.518602885345482229e-03
7.593014426727411146e-04
1.070219088893198487e-04
1.142959078843026541e-03
1.832796585761788935e-04
1.138952164009111563e-03
0.000000000000000000e+00
3.796507213363705573e-04
4.176157934700075805e-03
1.138952164009111563e-03
1.138952164009111563e-03
1.898253606681852786e-04
1.138952164009111563e-03
3.796507213363705031e-04
2.641869770433623072e-04
1.518602885345482229e-03
3.796507213363705573e-04
1.265502404454568795e-04
1.950533131437483898e-04
1.898253606681852786e-04
1.138952164009111563e-03
1.138952164009111563e-03
1.678489402800836491e-04
3.037205770690964458e-03
5.310647652317764195e-04
1.898253606681852786e-04
0.000000000000000000e+00
5.315110098709187152e-03
3.772079394009425143e-04
1.138952164009111563e-03
1.138952164009111563e-03
3.796507213363705573e-04
1.518602885345482229e-03
2.622566328348757475e-04
8.280345177886544352e-05
3.796507213363705573e-04
1.138952164009111563e-03
1.138952164009111563e-03
4.683143864124496205e-04
4.555808656036446254e-03
1.138952164009111563e-03
5.315110098709187152e-03
2.874009090121433822e-04
3.671302798989147724e-04
3.163756011136421853e-04
0.000000000000000000e+00
1.138952164009111563e-03
1.138952164009111563e-03
3.796507213363705573e-04
8.991033322914351996e-04
3.796507213363705573e-04
1.138952164009111563e-03
1.138952164009111563e-03
7.593014426727411146e-04
9.271905724570245373e-04
1.265502404454568795e-04
3.772079394009425143e-04
1.898253606681852786e-04
5.108910873361447976e-04
0.000000000000000000e+00
1.138952164009111563e-03
3.037205770690964458e-03
3.796507213363705573e-04
3.796507213363705573e-04
7.593014426727411146e-04
3.796507213363705573e-04
3.796507213363705573e-04
2.962289243047933453e-04
1.138952164009111563e-03
1.898253606681852786e-04
1.117855780069225316e-04
6.833712984054670031e-04
3.796507213363705356e-03
3.796507213363705573e-04
1.138952164009111563e-03
2.039319268235095101e-04
1.138952164009111563e-03
3.796507213363705573e-04
1.138952164009111563e-03
3.796507213363705573e-04
1.138952164009111563e-03
3.514375890257220403e-04
2.952838943727326376e-04
3.796507213363705573e-04
3.796507213363705573e-04
1.138952164009111563e-03
2.643423285262997899e-04
3.796507213363705356e-03
0.000000000000000000e+00
1.105221884611479318e-03
2.277904328018223344e-04
1.898253606681852678e-03
2.178001840481992427e-04
7.972665148063782029e-03
3.796507213363705573e-04
2.531004808909137591e-04
0.000000000000000000e+00
0.000000000000000000e+00
3.796507213363705573e-04
2.277904328018223344e-04
0.000000000000000000e+00
6.027333874722015043e-04
7.593014426727411146e-04
3.181182519388298709e-04
1.898253606681852678e-03
3.796507213363705573e-04
1.138952164009111563e-03
2.009915583545491202e-04
1.468689473175936223e-04
3.585513749315665097e-04
3.037205770690964458e-03
9.104497591804535522e-05
3.796507213363705573e-04
2.643423285262997899e-04
0.000000000000000000e+00
1.265502404454568795e-04
1.638549634117233977e-04
1.063022019741837430e-02
3.796507213363705573e-04
1.138952164009111563e-03
1.898253606681852786e-04
1.138952164009111563e-03
1.898253606681852786e-04
1.138952164009111563e-03
1.138952164009111563e-03
6.262722208021583329e-04
0.000000000000000000e+00
1.265502404454568795e-04
9.271905724570245373e-04
0.000000000000000000e+00
1.898253606681852786e-04
3.796507213363705573e-04
4.622692987698750122e-04
3.796507213363705573e-04
2.952838943727325834e-04
4.552452702608643701e-04
3.796507213363705573e-04
5.474996616164542335e-04
1.898253606681852786e-04
1.138952164009111563e-03
4.683143864124496205e-04
7.593014426727411146e-04
2.643423285262997899e-04
1.138952164009111563e-03
1.138952164009111563e-03
3.644703109563245851e-04
3.163756011136421853e-04
2.277904328018223127e-03
1.898253606681852786e-04
1.059008905281434406e-04
1.059008905281434406e-04
3.772079394009425143e-04
1.138952164009111563e-03
3.030069514930535421e-04
2.719092357646793467e-04
0.000000000000000000e+00
3.161539085626914516e-04
0.000000000000000000e+00
3.796507213363705573e-04
1.138952164009111563e-03
7.593014426727411146e-04
1.059008905281434406e-04
2.980678714324579907e-04
3.796507213363705573e-04
8.280345177886544352e-05
1.138952164009111563e-03
3.796507213363705573e-04
1.138952164009111563e-03
2.903211398454598252e-04
1.138952164009111563e-03
1.138952164009111563e-03
2.126762814966642163e-04
1.138952164009111563e-03
1.600881877637972675e-03
0.000000000000000000e+00
2.327817740187769621e-04
1.138952164009111563e-03
1.810020751263813929e-04
3.796507213363705573e-04
1.265502404454568795e-04
4.266083567369685029e-04
3.796507213363705573e-04
0.000000000000000000e+00
1.138952164009111563e-03
1.950533131437483898e-04
3.363450780725376851e-04
3.796507213363705573e-04
5.237561659025950517e-04
1.898253606681852786e-04
1.265502404454568795e-04
7.593014426727411146e-04
9.491268033409263932e-05
1.138952164009111563e-03
1.138952164009111563e-03
1.138952164009111563e-03
1.039237121953681458e-03
4.105655877973563039e-04
3.796507213363705573e-04
2.952838943727325834e-04
2.643423285262997899e-04
1.501592346568389057e-04
3.796507213363705573e-04
3.796507213363705573e-04
1.138952164009111563e-03
3.796507213363705573e-04
6.454062262718299366e-03
7.593014426727411146e-04
1.138952164009111563e-03
2.657555049354593576e-03
4.054033814759782283e-04
4.194148979668918770e-04
1.035411058190101471e-04
1.138952164009111563e-03
2.847380410022778909e-04
7.593014426727411146e-04
0.000000000000000000e+00
3.796507213363705573e-04
3.037205770690964458e-03
0.000000000000000000e+00
0.000000000000000000e+00
1.138952164009111563e-03
3.796507213363705573e-04
0.000000000000000000e+00
3.796507213363705573e-04
1.138952164009111563e-03
1.265502404454568795e-04
1.138952164009111563e-03
1.898253606681852678e-03
3.796507213363705356e-03
1.138952164009111563e-03
3.684179917421232181e-04
1.138952164009111563e-03
1.138952164009111563e-03
2.612160713322454904e-04
2.847380410022778909e-04
1.138952164009111563e-03
8.496592063555820406e-04
0.000000000000000000e+00
3.796507213363706657e-04
1.138952164009111563e-03
1.138952164009111563e-03
1.138952164009111563e-03
4.842109158603594490e-04
1.138952164009111563e-03
2.672430102635287583e-04
3.796507213363706657e-04
1.265502404454568795e-04
0.000000000000000000e+00
2.009915583545491202e-04
2.277904328018223127e-03
1.138952164009111563e-03
1.138952164009111563e-03
0.000000000000000000e+00
1.138952164009111563e-03
0.000000000000000000e+00
3.796507213363705573e-04
1.138952164009111563e-03
2.847380410022778909e-04
4.050172877598265213e-04
1.138952164009111563e-03
1.138952164009111563e-03
1.138952164009111563e-03
1.265502404454568795e-04
8.262501663561512381e-04
0.000000000000000000e+00
2.962289243047933453e-04
1.968733778413646654e-04
1.138952164009111563e-03
9.491268033409263932e-05
3.796507213363705573e-04
0.000000000000000000e+00
3.796507213363705573e-04
1.138952164009111563e-03
7.380307750706443636e-04
0.000000000000000000e+00
2.962289243047933453e-04
1.138952164009111563e-03
1.138952164009111563e-03
1.138952164009111563e-03
1.138952164009111563e-03
1.138952164009111563e-03
1.138952164009111563e-03
7.593014426727411146e-05
1.138952164009111563e-03
0.000000000000000000e+00
3.796507213363705573e-04
3.037205770690964458e-03
1.898253606681852786e-04
1.138952164009111563e-03
1.138952164009111563e-03
3.796507213363706657e-04
1.138952164009111563e-03
1.138952164009111563e-03
0.000000000000000000e+00
1.138952164009111563e-03
1.898253606681853329e-04
1.138952164009111563e-03
2.657555049354593576e-03
4.194148979668918770e-04
1.138952164009111563e-03
1.898253606681852786e-04
0.000000000000000000e+00
3.796507213363705573e-04
3.452841837784139376e-04
2.847380410022778909e-04
1.138952164009111563e-03
0.000000000000000000e+00
3.423199916326089259e-04
1.265502404454568795e-04
3.796507213363705573e-04
3.796507213363705573e-04
1.138952164009111563e-03
1.138952164009111563e-03
3.796507213363705573e-04
0.000000000000000000e+00
0.000000000000000000e+00
0.000000000000000000e+00
7.593014426727411146e-04
1.898253606681852786e-04
3.796507213363705573e-04
1.138952164009111563e-03
1.138952164009111563e-03
3.514375890257220403e-04
2.169432693350688821e-04
1.312403659997742403e-04
3.796507213363705573e-04
2.009915583545491202e-04
2.657555049354593576e-03
2.436961034540308568e-04
2.091203890479777564e-04
1.138952164009111563e-03
0.000000000000000000e+00
1.138952164009111563e-03
3.796507213363705573e-04
0.000000000000000000e+00
0.000000000000000000e+00
3.796507213363705573e-04
0.000000000000000000e+00
1.138952164009111563e-03
1.138952164009111563e-03
3.624674525573922204e-04
1.138952164009111563e-03
2.531004808909137591e-04
1.138952164009111563e-03
1.138952164009111563e-03
3.796507213363705573e-04
2.484103553365963170e-04
1.338060482684811682e-03
1.138952164009111563e-03
3.607571817729064755e-04
0.000000000000000000e+00
1.138952164009111563e-03
6.802944317089296882e-04
1.138952164009111563e-03
1.138952164009111563e-03
1.523131150153203940e-03
1.138952164009111563e-03
1.265502404454568795e-04
3.796507213363706115e-04
0.000000000000000000e+00
3.796507213363705573e-04
7.593014426727411146e-04
2.281795611929342575e-04
1.138952164009111563e-03
1.518602885345482229e-03
1.138952164009111563e-03
1.138952164009111563e-03
5.134799874489133888e-04
1.138952164009111563e-03
1.138952164009111563e-03
1.138952164009111563e-03
4.589829733590633032e-04
1.138952164009111563e-03
4.266083567369685029e-04
9.491268033409263932e-05
3.796507213363705573e-04
3.796507213363705573e-04
4.176157934700076130e-04
0.000000000000000000e+00
0.000000000000000000e+00
0.000000000000000000e+00
3.796507213363705573e-04
2.356452753122299749e-04
0.000000000000000000e+00
4.388185280413901259e-04
1.138952164009111563e-03
1.898253606681852786e-04
3.796507213363705573e-04
0.000000000000000000e+00
1.138952164009111563e-03
3.796507213363705573e-04
1.138952164009111563e-03
2.962289243047933453e-04
0.000000000000000000e+00
2.356452753122299749e-04
4.176157934700075805e-03
2.277904328018223127e-03
1.138952164009111563e-03
4.589829733590633032e-04
3.796507213363705573e-04
1.898253606681852786e-04
1.138952164009111563e-03
1.138952164009111563e-03
0.000000000000000000e+00
0.000000000000000000e+00
1.138952164009111563e-03
3.253991417608108599e-04
0.000000000000000000e+00
2.436961034540308568e-04
4.683143864124496205e-04
3.101083062464746513e-04
2.404454568463681009e-04
3.321943811693241970e-04
1.265502404454568795e-04
1.138952164009111563e-03
1.518602885345482229e-03
1.138952164009111563e-03
0.000000000000000000e+00
1.138952164009111563e-03
2.531004808909137591e-04
1.265502404454568795e-04
1.138952164009111563e-03
3.796507213363705573e-04
2.531004808909137591e-04
1.638549634117233977e-04
3.796507213363705573e-04
1.898253606681852786e-04
1.138952164009111563e-03
1.265502404454568795e-04
1.138952164009111563e-03
3.796507213363705573e-04
0.000000000000000000e+00
1.138952164009111563e-03
0.000000000000000000e+00
2.212147456889723349e-04
3.796507213363705031e-04
1.898253606681852786e-04
0.000000000000000000e+00
6.074411541381928917e-03
1.265502404454568795e-04
0.000000000000000000e+00
1.138952164009111563e-03
2.886057454183252021e-04
3.796507213363705573e-04
0.000000000000000000e+00
2.531004808909137591e-04
1.138952164009111563e-03
1.898253606681852786e-04
1.138952164009111563e-03
0.000000000000000000e+00
0.000000000000000000e+00
0.000000000000000000e+00
1.898253606681852786e-04
1.138952164009111563e-03
1.988242933183146299e-04
3.796507213363705573e-04
0.000000000000000000e+00
1.138952164009111563e-03
0.000000000000000000e+00
2.876258020822461186e-04
0.000000000000000000e+00
1.138952164009111563e-03
3.796507213363705573e-04
3.321943811693241970e-04
0.000000000000000000e+00
1.138952164009111563e-03
1.138952164009111563e-03
0.000000000000000000e+00
1.138952164009111563e-03
1.138952164009111563e-03
6.124324953551475194e-04
1.138952164009111563e-03
3.796507213363706657e-04
0.000000000000000000e+00
1.138952164009111563e-03
3.796507213363706115e-04
0.000000000000000000e+00
1.138952164009111563e-03
7.593014426727411146e-04
1.138952164009111563e-03
1.138952164009111563e-03
0.000000000000000000e+00
1.898253606681852786e-04
1.518602885345482229e-03
0.000000000000000000e+00
1.138952164009111563e-03
3.796507213363705573e-04
0.000000000000000000e+00
3.796507213363705573e-04
0.000000000000000000e+00
9.491268033409263932e-05
1.138952164009111563e-03
0.000000000000000000e+00
1.138952164009111563e-03
2.737498308082271167e-04
3.796507213363705573e-04
2.643423285262997899e-04
1.138952164009111563e-03
0.000000000000000000e+00
7.593014426727411146e-04
1.138952164009111563e-03
3.796507213363705573e-04
1.138952164009111563e-03
5.808447502091431368e-04
8.343301842950679110e-04
3.796507213363705573e-04
0.000000000000000000e+00
3.144066032554699219e-04
4.476490006518109581e-04
3.687188159177258277e-04
1.138952164009111563e-03
2.531004808909137591e-04
7.593014426727411146e-04
3.363450780725376851e-04
0.000000000000000000e+00
3.796507213363705573e-04
9.104497591804534167e-05
1.138952164009111563e-03
1.265502404454568795e-04
1.138952164009111563e-03
1.138952164009111563e-03
2.952838943727326376e-04
1.138952164009111563e-03
1.138952164009111563e-03
1.138952164009111563e-03
1.035411058190101471e-04
2.920390164125927072e-04
4.589829733590633032e-04
3.796507213363705573e-04
2.531004808909137591e-04
1.138952164009111563e-03
1.138952164009111563e-03
1.138952164009111563e-03
3.796507213363705573e-04
1.138952164009111563e-03
1.138952164009111563e-03
1.138952164009111563e-03
1.138952164009111563e-03
7.593014426727411146e-04
4.315915158492943191e-04
1.138952164009111563e-03
0.000000000000000000e+00
1.138952164009111563e-03
1.627074520013016752e-04
1.138952164009111563e-03
2.531004808909137591e-04
1.084716346675344411e-04
3.163756011136421853e-04
1.138952164009111563e-03
1.138952164009111563e-03
4.224164917519938910e-04
3.796507213363705573e-04
1.138952164009111563e-03
3.796507213363705573e-04
0.000000000000000000e+00
2.494992995148887795e-04
3.796507213363705573e-04
2.952838943727325834e-04
4.842109158603594490e-04
0.000000000000000000e+00
3.356978805601672981e-04
7.294734912643561402e-04
3.796507213363705573e-04
0.000000000000000000e+00
3.796507213363705573e-04
2.847380410022779451e-04
0.000000000000000000e+00
3.037205770690964458e-03
1.138952164009111563e-03
1.898253606681852786e-04
3.796507213363705573e-04
3.796507213363705573e-04
3.796507213363705573e-04
1.138952164009111563e-03
1.518602885345482229e-03
1.138952164009111563e-03
1.138952164009111563e-03
5.191739704830954137e-04
0.000000000000000000e+00
2.303278025213240587e-04
5.593004728315639296e-04
2.657555049354593576e-03
3.773055136710237734e-04
7.094211324191848937e-04
1.138952164009111563e-03
3.796507213363705573e-04
1.138952164009111563e-03
0.000000000000000000e+00
1.138952164009111563e-03
3.796507213363705573e-04
3.772079394009425143e-04
1.265502404454568795e-04
2.651944114954944806e-04
1.138952164009111563e-03
1.518602885345482229e-03
9.145651493928237371e-04
1.138952164009111563e-03
1.138952164009111563e-03
1.138952164009111563e-03
3.288975885517596612e-04
1.138952164009111563e-03
1.638549634117233977e-04
1.138952164009111563e-03
3.796507213363705573e-04
3.796507213363705573e-04
1.898253606681852678e-03
1.138952164009111563e-03
1.138952164009111563e-03
1.138952164009111563e-03
1.138952164009111563e-03
7.593014426727411146e-04
4.266083567369685029e-04
1.265502404454568795e-04
4.589829733590633032e-04
2.178001840481992427e-04
0.000000000000000000e+00
3.796507213363705573e-04
1.898253606681853058e-04
4.683143864124496205e-04
0.000000000000000000e+00
7.109297842617138489e-04
3.796507213363705573e-04
1.138952164009111563e-03
3.796507213363705573e-04
0.000000000000000000e+00
0.000000000000000000e+00
0.000000000000000000e+00
3.796507213363705573e-04
1.138952164009111563e-03
3.796507213363705031e-04
2.876258020822461186e-04
1.493695007115669127e-03
3.796507213363705573e-04
2.436961034540308568e-04
1.138952164009111563e-03
1.138952164009111563e-03
1.138952164009111563e-03
1.138952164009111563e-03
1.117855780069225316e-04
0.000000000000000000e+00
1.138952164009111563e-03
1.138952164009111563e-03
1.138952164009111563e-03
1.138952164009111563e-03
1.138952164009111563e-03
4.476490006518109581e-04
3.796507213363705573e-04
3.584007903576290994e-04
1.265502404454568795e-04
3.796507213363706115e-04
1.138952164009111563e-03
3.796507213363705573e-04
0.000000000000000000e+00
1.306688903370819849e-03
1.138952164009111563e-03
3.684179917421232181e-04
0.000000000000000000e+00
1.138952164009111563e-03
3.796507213363705573e-04
1.518602885345482229e-03
2.186524588707030247e-04
1.656069035577308870e-04
3.796507213363705573e-04
3.796507213363705573e-04
4.176157934700075805e-03
3.796507213363705573e-04
3.796507213363705573e-04
3.660495304846049383e-04
3.796507213363705573e-04
0.000000000000000000e+00
1.138952164009111563e-03
7.593014426727411146e-04
3.796507213363705573e-04
1.138952164009111563e-03
3.796507213363705573e-04
3.796507213363706657e-04
2.097074489834459385e-04
2.277904328018223344e-04
2.118017810562868811e-04
1.138952164009111563e-03
5.191739704830954137e-04
1.138952164009111563e-03
1.138952164009111563e-03
7.593014426727411146e-04
1.138952164009111563e-03
0.000000000000000000e+00
1.138952164009111563e-03
1.138952164009111563e-03
2.281795611929342575e-04
1.138952164009111563e-03
3.796507213363705573e-04
1.138952164009111563e-03
1.518602885345482229e-04
5.808591674222123545e-04
1.518602885345482142e-02
0.000000000000000000e+00
3.514375890257220403e-04
1.138952164009111563e-03
0.000000000000000000e+00
4.193168473477168760e-04
1.518602885345482229e-04
1.138952164009111563e-03
2.903211398454598252e-04
1.138952164009111563e-03
0.000000000000000000e+00
3.796507213363705573e-04
1.138952164009111563e-03
1.898253606681853058e-04
3.796507213363705573e-04
3.796507213363705573e-04
1.138952164009111563e-03
3.796507213363705573e-04
3.796507213363705573e-04
0.000000000000000000e+00
9.798395792677404726e-04
1.138952164009111563e-03
0.000000000000000000e+00
3.796507213363705573e-04
1.138952164009111563e-03
0.000000000000000000e+00
2.140438177786396974e-04
4.513846970232007001e-04
2.847380410022779451e-04
5.782081400571689647e-04
4.753194178327728643e-04
1.138952164009111563e-03
3.410606645767856561e-04
3.796507213363705573e-04
3.796507213363705573e-04
3.796507213363705573e-04
0.000000000000000000e+00
4.842109158603594490e-04
3.796507213363705573e-04
1.898253606681852678e-03
0.000000000000000000e+00
2.277904328018223344e-04
1.138952164009111563e-03
3.796507213363705573e-04
1.138952164009111563e-03
3.796507213363705573e-04
3.796507213363705573e-04
3.660495304846049383e-04
0.000000000000000000e+00
3.796507213363705573e-04
1.138952164009111563e-03
2.171272696632474170e-04
1.138952164009111563e-03
3.796507213363705573e-04
2.294914866795316516e-04
3.796507213363706657e-04
1.138952164009111563e-03
3.163756011136421853e-04
2.434203034155086980e-04
1.043016556973558545e-03
1.138952164009111563e-03
2.847380410022779451e-04
1.138952164009111563e-03
7.593014426727411146e-04
3.796507213363705573e-04
2.876258020822461186e-04
1.138952164009111563e-03
4.014877983376284945e-04
3.116734123952007206e-04
1.138952164009111563e-03
1.138952164009111563e-03
0.000000000000000000e+00
0.000000000000000000e+00
1.138952164009111563e-03
2.697848402972291147e-04
3.796507213363705573e-04
1.138952164009111563e-03
7.593014426727411146e-04
1.138952164009111563e-03
8.858516831181979670e-04
9.358744313330850039e-05
1.138952164009111563e-03
1.138952164009111563e-03
2.356452753122299749e-04
1.138952164009111563e-03
2.847380410022779451e-04
1.518602885345482229e-04
1.138952164009111563e-03
3.796507213363705356e-03
1.138952164009111563e-03
1.138952164009111563e-03
3.796507213363705573e-04
3.796507213363705573e-04
0.000000000000000000e+00
3.037205770690964458e-04
0.000000000000000000e+00
1.138952164009111563e-03
1.138952164009111563e-03
1.968733778413646654e-04
6.568521803547556310e-04
1.265502404454568795e-04
1.138952164009111563e-03
2.962289243047933453e-04
1.518602885345482229e-03
0.000000000000000000e+00
1.138952164009111563e-03
3.796507213363705573e-04
3.796507213363705573e-04
2.140438177786396974e-04
1.138952164009111563e-03
0.000000000000000000e+00
0.000000000000000000e+00
7.593014426727411146e-04
1.138952164009111563e-03
3.321943811693241970e-04
3.796507213363705573e-04
3.452841837784139376e-04
3.796507213363705573e-04
3.796507213363705573e-04
0.000000000000000000e+00
0.000000000000000000e+00
1.898253606681852786e-04
3.796507213363705573e-04
1.138952164009111563e-03
1.898253606681852786e-04
2.952838943727325834e-04
3.796507213363705573e-04
0.000000000000000000e+00
0.000000000000000000e+00
2.657555049354593576e-03
0.000000000000000000e+00
0.000000000000000000e+00
0.000000000000000000e+00
3.796507213363705573e-04
3.772704230519743364e-04
3.796507213363705573e-04
5.357302866588960514e-04
1.138952164009111563e-03
1.138952164009111563e-03
3.796507213363705573e-04
5.033851396264537020e-04
3.796507213363705573e-04
0.000000000000000000e+00
3.796507213363705573e-04
3.673138299310482811e-04
1.138952164009111563e-03
2.531004808909137591e-04
1.138952164009111563e-03
2.414973936985014480e-04
1.138952164009111563e-03
3.144066032554699219e-04
1.138952164009111563e-03
4.667712784612326900e-04
1.138952164009111563e-03
7.593014426727411146e-04
6.833712984054670031e-04
4.168400760766161929e-03
2.109170674090946908e-04
1.138952164009111563e-03
2.356452753122299749e-04
1.138952164009111563e-03
1.138952164009111563e-03
1.138952164009111563e-03
1.138952164009111563e-03
1.898253606681852786e-04
1.265502404454568795e-04
9.491268033409263932e-05
0.000000000000000000e+00
1.138952164009111563e-03
0.000000000000000000e+00
3.037205770690964458e-04
3.796507213363705573e-04
3.163756011136421853e-04
2.546735729004126762e-04
7.593014426727411146e-04
1.035411058190101471e-04
0.000000000000000000e+00
1.138952164009111563e-03
3.772079394009425143e-04
0.000000000000000000e+00
0.000000000000000000e+00
2.737498308082271167e-04
9.491268033409263932e-05
3.796507213363705573e-04
0.000000000000000000e+00
3.772079394009425143e-04
0.000000000000000000e+00
3.888277728359909049e-04
4.280876355572793947e-04
1.138952164009111563e-03
2.372817008352315848e-04
1.084716346675344411e-04
5.474996616164542335e-04
0.000000000000000000e+00
1.950533131437483898e-04
1.138952164009111563e-03
4.288775132660976701e-03
2.903211398454598252e-04
1.138952164009111563e-03
2.009915583545491202e-04
0.000000000000000000e+00
1.138952164009111563e-03
1.518602885345482229e-03
1.138952164009111563e-03
1.265502404454568795e-04
0.000000000000000000e+00
7.593014426727411146e-04
1.138952164009111563e-03
1.138952164009111563e-03
1.138952164009111563e-03
3.796507213363705573e-04
3.796507213363705573e-04
0.000000000000000000e+00
2.531004808909137591e-04
3.796507213363705573e-04
3.796507213363705573e-04
1.265502404454568795e-04
1.138952164009111563e-03
1.138952164009111563e-03
0.000000000000000000e+00
1.138952164009111563e-03
3.772079394009425143e-04
1.594533029612756406e-02
4.184700499810131398e-04
0.000000000000000000e+00
3.796507213363705573e-04
1.138952164009111563e-03
1.138952164009111563e-03
1.138952164009111563e-03
0.000000000000000000e+00
0.000000000000000000e+00
1.138952164009111563e-03
1.138952164009111563e-03
1.138952164009111563e-03
1.138952164009111563e-03
3.684179917421232181e-04
1.265502404454568795e-04
4.683143864124496205e-04
1.138952164009111563e-03
7.593014426727411146e-04
2.952838943727325834e-04
1.138952164009111563e-03
1.138952164009111563e-03
1.898253606681852786e-04
3.796507213363705573e-04
5.134799874489133888e-04
1.138952164009111563e-03
3.772079394009425143e-04
3.614122627248624021e-04
1.138952164009111563e-03
3.295976431174242193e-04
1.265502404454568795e-04
3.796507213363705573e-04
0.000000000000000000e+00
5.014987730633860535e-04
5.474996616164542335e-04
0.000000000000000000e+00
3.796507213363705573e-04
2.719092357646793467e-04
6.124324953551475194e-04
3.796507213363705573e-04
4.960416083457590926e-04
1.138952164009111563e-03
2.372817008352315848e-04
0.000000000000000000e+00
1.138952164009111563e-03
3.796507213363705573e-04
1.138952164009111563e-03
1.138952164009111563e-03
1.290995070512469204e-03
1.138952164009111563e-03
1.138952164009111563e-03
2.711790866688360891e-04
1.138952164009111563e-03
1.138952164009111563e-03
1.138952164009111563e-03
1.138952164009111563e-03
3.521677381215655689e-04
3.796507213363706657e-04
5.474996616164542335e-04
3.796507213363705573e-04
2.903211398454598252e-04
1.138952164009111563e-03
1.138952164009111563e-03
3.796507213363705573e-04
1.138952164009111563e-03
3.796507213363705573e-04
3.796507213363705573e-04
1.138952164009111563e-03
1.518602885345482229e-03
1.638549634117233977e-04
1.138952164009111563e-03
1.138952164009111563e-03
3.037205770690964458e-04
1.138952164009111563e-03
1.898253606681852678e-03
2.657555049354593576e-03
3.796507213363705573e-04
1.138952164009111563e-03
1.301514218214817507e-04
1.138952164009111563e-03
2.847380410022779451e-04
1.138952164009111563e-03
2.277904328018223344e-04
3.796507213363705573e-04
9.395264866918702799e-04
1.138952164009111563e-03
1.138952164009111563e-03
1.898253606681852786e-04
1.138952164009111563e-03
0.000000000000000000e+00
1.138952164009111563e-03
0.000000000000000000e+00
2.847380410022779451e-04
1.138952164009111563e-03
1.138952164009111563e-03
1.138952164009111563e-03
3.796507213363706115e-04
3.796507213363705573e-04
1.138952164009111563e-03
1.138952164009111563e-03
1.518602885345482229e-03
3.037205770690964458e-04
0.000000000000000000e+00
2.531004808909137591e-04
1.138952164009111563e-03
2.356452753122299749e-04
1.898253606681852678e-03
2.531004808909137591e-04
1.138952164009111563e-03
3.254149040026032961e-04
3.796507213363705573e-04
3.647645763951747598e-04
0.000000000000000000e+00
1.059008905281434406e-04
1.138952164009111563e-03
3.796507213363706115e-04
1.138952164009111563e-03
3.254238171291752818e-04
3.796507213363705573e-04
1.968733778413646654e-04
3.796507213363705573e-04
0.000000000000000000e+00
1.138952164009111563e-03
1.138952164009111563e-03
7.611323449793701117e-03
7.593014426727411146e-05
3.796507213363705573e-04
1.138952164009111563e-03
3.796507213363705573e-04
1.117855780069225316e-04
1.138952164009111563e-03
4.266083567369685029e-04
1.638549634117233977e-04
0.000000000000000000e+00
1.138952164009111563e-03
4.873922069080617136e-04
7.593014426727411146e-05
1.138952164009111563e-03
4.193168473477169303e-04
1.138952164009111563e-03
2.847380410022779451e-04
3.796507213363706657e-04
3.796507213363705573e-04
1.138952164009111563e-03
5.082325277688352081e-04
1.138952164009111563e-03
3.796507213363705573e-04
1.138952164009111563e-03
0.000000000000000000e+00
1.138952164009111563e-03
3.796507213363706115e-04
3.796507213363705573e-04
0.000000000000000000e+00
3.416856492027334907e-03
3.772079394009425143e-04
1.898253606681852786e-04
1.138952164009111563e-03
1.138952164009111563e-03
2.327817740187769621e-04
3.796507213363705573e-04
1.138952164009111563e-03
1.138952164009111563e-03
0.000000000000000000e+00
4.315915158492943191e-04
3.796507213363705573e-04
7.593014426727411146e-04
2.009915583545491202e-04
1.138952164009111563e-03
3.796507213363705573e-04
3.796507213363705573e-04
1.138952164009111563e-03
1.138952164009111563e-03
1.898253606681852786e-04
9.897075378357067326e-05
3.796507213363705573e-04
1.138952164009111563e-03
0.000000000000000000e+00
2.806931167829009944e-04
1.138952164009111563e-03
1.138952164009111563e-03
0.000000000000000000e+00
3.796507213363706657e-04
0.000000000000000000e+00
1.138952164009111563e-03
1.138952164009111563e-03
3.796507213363705573e-04
2.169432693350688821e-04
3.796507213363705573e-04
1.138952164009111563e-03
3.796507213363705573e-04
3.796507213363705573e-04
5.108910873361447976e-04
0.000000000000000000e+00
0.000000000000000000e+00
1.138952164009111563e-03
3.796507213363705573e-04
0.000000000000000000e+00
0.000000000000000000e+00
2.531004808909137591e-04
1.117855780069225316e-04
3.796507213363705573e-04
2.531004808909137591e-04
1.138952164009111563e-03
2.044273114888149113e-04
2.294914866795316516e-04
3.796507213363705573e-04
1.265502404454568795e-04
2.531004808909137591e-04
2.212147456889723349e-04
1.138952164009111563e-03
1.138952164009111563e-03
1.486787180846083111e-04
2.458214552238277258e-04
2.737498308082271167e-04
1.138952164009111563e-03
3.796507213363705573e-04
2.077822749301338047e-04
0.000000000000000000e+00
1.138952164009111563e-03
7.109297842617138489e-04
1.898253606681852678e-03
7.593014426727411146e-04
4.683143864124496205e-04
3.518595261281452216e-04
1.138952164009111563e-03
0.000000000000000000e+00
4.054033814759782283e-04
1.138952164009111563e-03
0.000000000000000000e+00
1.138952164009111563e-03
4.194148979668918770e-04
1.138952164009111563e-03
3.796507213363705573e-04
2.178001840481992427e-04
3.037205770690964458e-04
3.321943811693241970e-04
0.000000000000000000e+00
0.000000000000000000e+00
7.593014426727411146e-04
3.772079394009425143e-04
4.176157934700075805e-03
0.000000000000000000e+00
2.587706604832781137e-04
3.796507213363705573e-04
0.000000000000000000e+00
1.898253606681852786e-04
3.796507213363705573e-04
0.000000000000000000e+00
2.294914866795316516e-04
3.796507213363705573e-04
3.796507213363705573e-04
1.138952164009111563e-03
1.138952164009111563e-03
3.796507213363705573e-04
1.138952164009111563e-03
0.000000000000000000e+00
4.675101185928010809e-04
8.774138701499139929e-04
1.138952164009111563e-03
2.796099319779279902e-04
0.000000000000000000e+00
0.000000000000000000e+00
0.000000000000000000e+00
1.138952164009111563e-03
1.138952164009111563e-03
1.968733778413646654e-04
4.183916759905629938e-03
1.138952164009111563e-03
1.138952164009111563e-03
1.138952164009111563e-03
1.138952164009111563e-03
3.416856492027334907e-03
1.138952164009111563e-03
1.138952164009111563e-03
0.000000000000000000e+00
1.265502404454568795e-04
2.847380410022778909e-04
1.898253606681852786e-04
9.111617312072892291e-04
2.952838943727325834e-04
3.772079394009425143e-04
0.000000000000000000e+00
3.796507213363705573e-04
3.796507213363705573e-04
1.138952164009111563e-03
4.706956972544159667e-04
3.796507213363705573e-04
3.796507213363705573e-04
2.281795611929342575e-04
0.000000000000000000e+00
1.138952164009111563e-03
0.000000000000000000e+00
1.898253606681852786e-04
1.138952164009111563e-03
4.513846970232007001e-04
3.796507213363705573e-04
1.119472087051437501e-03
1.138952164009111563e-03
7.593014426727411146e-04
0.000000000000000000e+00
1.138952164009111563e-03
1.138952164009111563e-03
1.138952164009111563e-03
1.138952164009111563e-03
0.000000000000000000e+00
1.627074520013016752e-04
6.643887623386483940e-04
2.847380410022779451e-04
9.271905724570245373e-04
1.059008905281434406e-04
3.796507213363705573e-04
2.066881321212644062e-04
3.446295179205481878e-04
2.277904328018223127e-03
4.174360995992659881e-04
1.138952164009111563e-03
1.138952164009111563e-03
1.138952164009111563e-03
3.796507213363705573e-04
1.138952164009111563e-03
4.266083567369685029e-04
0.000000000000000000e+00
1.898253606681852678e-03
0.000000000000000000e+00
1.627074520013016752e-04
2.903211398454598252e-04
0.000000000000000000e+00
1.138952164009111563e-03
2.531004808909137591e-04
1.138952164009111563e-03
0.000000000000000000e+00
3.618787822560184182e-04
1.138952164009111563e-03
3.602313688095142062e-04
1.138952164009111563e-03
5.808591674222123545e-04
1.138952164009111563e-03
3.796507213363705573e-04
1.898253606681852786e-04
2.294914866795316516e-04
3.796507213363705573e-04
3.796507213363705573e-04
7.473591079998538091e-04
0.000000000000000000e+00
3.796507213363705573e-04
9.627468694076952516e-04
5.474996616164542335e-04
1.138952164009111563e-03
1.138952164009111563e-03
1.898253606681852786e-04
1.898253606681852786e-04
1.138952164009111563e-03
3.452841837784139376e-04
2.847380410022778909e-04
3.796507213363705573e-04
5.082325277688352081e-04
1.138952164009111563e-03
1.501592346568389057e-04
1.059008905281434406e-04
2.169432693350688821e-04
1.518602885345482229e-04
5.108910873361447976e-04
1.138952164009111563e-03
7.593014426727411146e-04
1.138952164009111563e-03
1.638549634117233977e-04
7.593014426727411146e-04
1.138952164009111563e-03
1.138952164009111563e-03
1.898253606681852786e-04
2.643423285262997899e-04
3.796507213363706657e-04
1.138952164009111563e-03
3.796507213363705573e-04
3.796507213363705573e-04
1.138952164009111563e-03
0.000000000000000000e+00
0.000000000000000000e+00
3.796507213363705573e-04
1.138952164009111563e-03
3.796507213363705573e-04
1.138952164009111563e-03
0.000000000000000000e+00
0.000000000000000000e+00
1.138952164009111563e-03
1.898253606681853058e-04
3.321943811693241970e-04
1.138952164009111563e-03
1.138952164009111563e-03
0.000000000000000000e+00
0.000000000000000000e+00
1.138952164009111563e-03
1.138952164009111563e-03
6.833712984054670031e-04
3.796507213363705573e-04
1.138952164009111563e-03
3.030069514930535421e-04
1.138952164009111563e-03
2.962289243047933453e-04
3.796507213363705573e-04
1.138952164009111563e-03
3.796507213363705573e-04
3.796507213363705573e-04
1.518602885345482229e-03
3.796507213363705573e-04
0.000000000000000000e+00
7.593014426727411146e-04
2.294914866795316516e-04
0.000000000000000000e+00
8.280345177886544352e-05
1.138952164009111563e-03
1.138952164009111563e-03
2.711790866688360891e-04
9.358744313330850039e-05
1.138952164009111563e-03
0.000000000000000000e+00
1.138952164009111563e-03
3.796507213363705573e-04
1.138952164009111563e-03
1.138952164009111563e-03
3.796507213363705573e-04
1.138952164009111563e-03
3.796507213363705573e-04
3.796507213363705573e-04
3.037205770690964458e-03
1.138952164009111563e-03
1.138952164009111563e-03
1.898253606681852786e-04
3.796507213363705573e-04
0.000000000000000000e+00
0.000000000000000000e+00
1.138952164009111563e-03
2.886057454183252563e-04
1.138952164009111563e-03
1.138952164009111563e-03
1.047224358668453906e-03
1.138952164009111563e-03
1.138952164009111563e-03
1.138952164009111563e-03
3.796507213363705573e-04
1.138952164009111563e-03
9.356101029354062064e-04
3.796507213363705573e-04
3.796507213363705573e-04
3.796507213363705573e-04
1.898253606681852786e-04
5.782081400571689647e-04
1.138952164009111563e-03
2.531004808909137591e-04
1.138952164009111563e-03
4.266083567369685029e-04
3.796507213363705573e-04
3.796507213363706115e-04
0.000000000000000000e+00
1.138952164009111563e-03
2.091203890479777564e-04
1.518602885345482229e-03
0.000000000000000000e+00
0.000000000000000000e+00
1.138952164009111563e-03
2.734343298550239083e-04
1.138952164009111563e-03
0.000000000000000000e+00
3.796507213363705573e-04
3.796507213363705573e-04
7.593014426727411146e-04
1.138952164009111563e-03
2.578026696093551153e-04
1.138952164009111563e-03
0.000000000000000000e+00
2.009915583545491202e-04
7.380307750706443636e-04
1.518602885345482229e-03
2.672430102635287583e-04
1.138952164009111563e-03
1.138952164009111563e-03
5.565270772655496641e-04
1.898253606681852786e-04
0.000000000000000000e+00
1.138952164009111563e-03
3.675593789175214871e-04
2.962289243047933453e-04
1.138952164009111563e-03
2.531004808909137591e-04
8.774138701499139929e-04
2.140438177786396974e-04
1.138952164009111563e-03
1.138952164009111563e-03
1.138952164009111563e-03
1.138952164009111563e-03
3.796507213363705573e-04
1.898253606681852786e-04
1.138952164009111563e-03
1.138952164009111563e-03
1.898253606681852786e-04
1.898253606681852786e-04
1.138952164009111563e-03
3.796507213363705573e-04
3.796507213363705573e-04
1.138952164009111563e-03
5.108910873361447976e-04
9.491268033409263932e-05
3.796507213363705573e-04
1.898253606681852678e-03
1.312403659997742403e-04
1.518602885345482012e-03
3.796507213363705573e-04
3.796507213363705573e-04
1.035411058190101471e-04
1.138952164009111563e-03
1.138952164009111563e-03
4.168637669526126482e-04
3.796507213363705573e-04
1.138952164009111563e-03
1.518602885345482142e-02
0.000000000000000000e+00
1.138952164009111563e-03
0.000000000000000000e+00
1.138952164009111563e-03
1.064044515529216856e-03
3.321943811693241970e-04
2.876258020822461186e-04
2.294914866795316516e-04
3.796507213363705573e-04
2.920390164125927072e-04
1.898253606681852786e-04
5.720531148542617279e-04
1.138952164009111563e-03
1.138952164009111563e-03
1.138952164009111563e-03
1.410620323822482083e-04
1.138952164009111563e-03
9.145651493928237371e-04
3.796507213363705356e-03
3.796507213363705573e-04
1.138952164009111563e-03
2.657555049354593576e-03
6.074411541381928917e-04
1.968733778413646654e-04
1.012699093307907125e-03
3.796507213363705573e-04
1.138952164009111563e-03
1.265502404454568795e-04
0.000000000000000000e+00
1.138952164009111563e-03
1.138952164009111563e-03
1.898253606681852786e-04
1.117855780069225316e-04
1.138952164009111563e-03
3.416856492027334907e-03
2.356452753122299749e-04
1.638549634117233977e-04
3.796507213363706657e-04
1.898253606681852786e-04
1.138952164009111563e-03
1.138952164009111563e-03
4.182407780959555127e-04
1.138952164009111563e-03
0.000000000000000000e+00
0.000000000000000000e+00
0.000000000000000000e+00
1.138952164009111563e-03
2.303278025213240587e-04
3.796507213363705573e-04
1.138952164009111563e-03
5.887711103843483408e-04
1.594533029612756406e-02
3.796507213363705573e-04
3.116734123952007206e-04
8.670287381641016144e-04
3.796507213363705573e-04
0.000000000000000000e+00
1.138952164009111563e-03
1.138952164009111563e-03
3.772079394009425143e-04
0.000000000000000000e+00
1.059008905281434406e-04
1.138952164009111563e-03
3.796507213363705573e-04
8.774138701499139929e-04
2.277904328018223127e-03
3.796507213363705573e-04
2.169432693350688821e-04
7.593014426727411146e-04
8.774138701499139929e-04
1.138952164009111563e-03
3.410606645767856561e-04
3.796507213363705573e-04
1.898253606681852786e-04
1.138952164009111563e-03
0.000000000000000000e+00
3.796507213363705356e-03
0.000000000000000000e+00
2.876258020822461186e-04
1.138952164009111563e-03
1.338060482684811682e-03
3.796507213363705573e-04
1.394079093514373328e-04
1.138952164009111563e-03
1.898253606681852786e-04
1.138952164009111563e-03
1.898253606681852786e-04
4.842109158603594490e-04
7.593014426727411146e-04
3.796507213363705573e-04
2.212147456889723349e-04
4.452709043362576774e-04
2.281795611929342575e-04
1.138952164009111563e-03
3.332785378022602480e-04
1.138952164009111563e-03
3.796507213363705573e-04
0.000000000000000000e+00
4.945492163523824590e-04
1.138952164009111563e-03
2.009915583545491202e-04
1.138952164009111563e-03
3.037205770690964458e-04
2.697848402972291147e-04
3.796507213363705573e-04
0.000000000000000000e+00
1.138952164009111563e-03
1.138952164009111563e-03
9.491268033409263932e-05
0.000000000000000000e+00
1.898253606681853058e-04
2.531004808909137591e-04
3.037205770690964458e-04
3.796507213363705573e-04
3.796507213363705573e-04
1.138952164009111563e-03
1.265502404454568795e-04
3.796507213363705573e-04
2.952838943727325834e-04
0.000000000000000000e+00
3.796507213363705573e-04
1.138952164009111563e-03
2.952838943727326376e-04
3.796507213363705573e-04
1.138952164009111563e-03
3.796507213363705573e-04
1.138952164009111563e-03
0.000000000000000000e+00
1.898253606681852786e-04
7.593014426727411146e-04
1.898253606681852786e-04
7.665137040456360519e-04
3.796507213363705573e-04
0.000000000000000000e+00
1.588513357922151609e-04
1.265502404454568795e-04
2.962289243047933453e-04
1.138952164009111563e-03
3.796507213363705573e-04
3.796507213363705573e-04
1.138952164009111563e-03
1.265502404454568795e-04
3.796507213363705573e-04
1.138952164009111563e-03
0.000000000000000000e+00
1.898253606681852786e-04
1.138952164009111563e-03
1.138952164009111563e-03
3.584007903576290994e-04
1.138952164009111563e-03
1.138952164009111563e-03
1.678489402800836491e-04
1.138952164009111563e-03
3.188732027766881896e-04
4.266083567369685029e-04
3.037205770690964458e-04
1.138952164009111563e-03
2.643423285262997899e-04
1.138952164009111563e-03
2.685712698692351952e-04
0.000000000000000000e+00
1.518602885345482142e-02
3.772079394009425143e-04
1.138952164009111563e-03
3.796507213363705573e-04
3.796507213363705573e-04
3.796507213363705573e-04
2.962289243047933453e-04
1.898253606681852786e-04
1.138952164009111563e-03
1.138952164009111563e-03
1.138952164009111563e-03
3.796507213363706657e-04
1.138952164009111563e-03
1.898253606681852786e-04
0.000000000000000000e+00
1.138952164009111563e-03
3.796507213363705573e-04
1.138952164009111563e-03
1.138952164009111563e-03
2.952838943727326376e-04
7.593014426727411146e-04
3.796507213363705573e-04
1.138952164009111563e-03
3.796507213363705573e-04
1.138952164009111563e-03
2.531004808909137591e-04
1.138952164009111563e-03
1.138952164009111563e-03
3.796507213363705573e-04
2.978481376414919253e-04
2.494992995148887795e-04
1.138952164009111563e-03
2.306167856201415890e-04
1.138952164009111563e-03
0.000000000000000000e+00
2.009915583545491202e-04
1.138952164009111563e-03
1.138952164009111563e-03
3.796507213363705573e-04
3.796507213363705573e-04
1.138952164009111563e-03
1.898253606681853058e-04
2.847380410022779451e-04
1.501592346568389057e-04
1.265502404454568795e-04
1.138952164009111563e-03
1.138952164009111563e-03
4.105655877973563039e-04
1.138952164009111563e-03
5.881414468564365432e-04
1.138952164009111563e-03
2.847380410022778909e-04
3.796507213363705573e-04
1.138952164009111563e-03
4.439352017292154395e-03
1.898253606681852786e-04
0.000000000000000000e+00
3.796507213363706657e-04
1.898253606681852786e-04
3.254149040026032961e-04
1.898253606681852786e-04
1.138952164009111563e-03
3.584007903576290994e-04
2.657555049354593576e-03
3.321943811693241970e-04
1.729625892151062053e-04
1.138952164009111563e-03
3.595936831382600014e-04
1.138952164009111563e-03
3.796507213363705573e-04
4.873922069080617136e-04
3.796507213363705573e-04
2.922131246216088654e-04
0.000000000000000000e+00
1.138952164009111563e-03
3.366783574732403308e-04
1.138952164009111563e-03
0.000000000000000000e+00
3.446295179205481878e-04
2.962289243047933453e-04
1.138952164009111563e-03
1.138952164009111563e-03
5.108910873361447976e-04
3.163756011136421853e-04
0.000000000000000000e+00
1.138952164009111563e-03
1.043867086448121637e-03
3.796507213363705573e-04
2.847380410022778909e-04
0.000000000000000000e+00
1.898253606681852786e-04
3.796507213363705573e-04
1.138952164009111563e-03
8.496592063555820406e-04
1.898253606681852786e-04
1.138952164009111563e-03
3.796507213363705573e-04
1.138952164009111563e-03
4.476490006518109581e-04
3.796507213363705573e-04
0.000000000000000000e+00
9.322640318878473199e-04
1.138952164009111563e-03
1.138952164009111563e-03
2.009915583545491202e-04
4.589829733590633032e-04
1.518602885345482229e-04
2.494992995148887795e-04
1.898253606681852786e-04
1.138952164009111563e-03
1.138952164009111563e-03
0.000000000000000000e+00
1.138952164009111563e-03
3.254149040026032961e-04
2.009915583545491202e-04
3.452841837784139376e-04
3.671302798989147724e-04
2.847380410022779451e-04
1.138952164009111563e-03
2.356452753122299749e-04
1.138952164009111563e-03
3.687188159177258277e-04
0.000000000000000000e+00
0.000000000000000000e+00
3.796507213363705573e-04
1.138952164009111563e-03
1.138952164009111563e-03
1.138952164009111563e-03
8.280345177886544352e-05
1.138952164009111563e-03
1.138952164009111563e-03
3.796507213363705573e-04
4.106064774485732906e-03
2.737498308082271167e-04
1.138952164009111563e-03
1.138952164009111563e-03
3.796507213363705573e-04
2.643423285262997899e-04
1.138952164009111563e-03
3.796507213363705573e-04
1.138952164009111563e-03
1.138952164009111563e-03
3.467728180983123128e-04
1.138952164009111563e-03
3.062162476775737055e-04
2.039319268235095101e-04
3.796507213363706115e-04
1.117855780069225316e-04
2.303278025213240587e-04
1.138952164009111563e-03
3.772079394009425143e-04
3.585513749315665097e-04
3.796507213363705573e-04
3.796507213363706657e-04
3.796507213363706657e-04
0.000000000000000000e+00
1.138952164009111563e-03
1.138952164009111563e-03
3.624674525573922204e-04
2.962289243047933453e-04
4.710304606475642503e-04
0.000000000000000000e+00
2.952838943727325834e-04
0.000000000000000000e+00
3.796507213363705573e-04
3.796507213363706657e-04
1.638549634117233977e-04
3.796507213363705031e-04
1.138952164009111563e-03
3.796507213363705573e-04
0.000000000000000000e+00
1.138952164009111563e-03
3.796507213363705573e-04
3.796507213363705573e-04
7.593014426727411146e-04
3.416856492027334907e-03
2.531004808909137591e-04
4.194148979668918770e-04
1.423690205011389725e-04
1.138952164009111563e-03
1.117855780069225316e-04
3.585513749315665097e-04
1.138952164009111563e-03
1.138952164009111563e-03
1.138952164009111563e-03
1.138952164009111563e-03
0.000000000000000000e+00
4.266083567369685029e-04
2.356452753122299749e-04
7.593014426727411146e-04
1.138952164009111563e-03
2.962289243047933453e-04
1.138952164009111563e-03
1.138952164009111563e-03
3.796507213363705573e-04
0.000000000000000000e+00
2.531004808909137591e-04
7.593014426727411146e-04
0.000000000000000000e+00
1.138952164009111563e-03
7.593014426727411146e-04
1.138952164009111563e-03
2.294914866795316516e-04
1.898253606681852786e-04
0.000000000000000000e+00
0.000000000000000000e+00
1.898253606681852786e-04
7.593014426727411146e-04
3.796507213363705573e-04
1.898253606681852786e-04
3.796507213363705573e-04
1.138952164009111563e-03
1.518602885345482229e-03
1.138952164009111563e-03
1.138952164009111563e-03
1.138952164009111563e-03
1.138952164009111563e-03
5.462414304459829381e-04
2.657555049354593576e-03
1.138952164009111563e-03
1.138952164009111563e-03
3.796507213363705573e-04
1.138952164009111563e-03
2.531004808909137049e-04
3.796507213363705573e-04
1.138952164009111563e-03
1.898253606681852786e-04
0.000000000000000000e+00
1.138952164009111563e-03
0.000000000000000000e+00
3.796507213363705573e-04
4.193168473477168760e-04
1.138952164009111563e-03
1.138952164009111563e-03
1.138952164009111563e-03
0.000000000000000000e+00
1.290812452543659786e-03
1.138952164009111563e-03
1.138952164009111563e-03
2.711790866688360891e-04
3.796507213363705573e-04
7.593014426727411146e-04
1.138952164009111563e-03
2.531004808909137591e-04
2.886057454183252563e-04
2.876258020822461186e-04
0.000000000000000000e+00
1.138952164009111563e-03
3.796507213363705573e-04
2.531004808909137591e-04
1.138952164009111563e-03
1.898253606681852786e-04
1.138952164009111563e-03
4.531129401340882354e-04
1.138952164009111563e-03
1.138952164009111563e-03
1.138952164009111563e-03
0.000000000000000000e+00
3.796507213363705573e-04
1.456204007887457836e-03
3.796507213363705573e-04
1.138952164009111563e-03
3.163756011136421853e-04
1.138952164009111563e-03
3.181182519388298709e-04
3.356978805601672981e-04
1.898253606681852786e-04
3.796507213363705573e-04
1.138952164009111563e-03
2.277904328018224157e-04
1.138952164009111563e-03
0.000000000000000000e+00
1.138952164009111563e-03
2.277904328018223127e-03
1.138952164009111563e-03
1.138952164009111563e-03
3.356978805601672981e-04
3.144066032554699219e-04
4.038691784468249218e-04
3.496790314753153934e-04
1.138952164009111563e-03
1.138952164009111563e-03
1.898253606681852786e-04
1.898253606681852786e-04
3.796507213363706657e-04
1.138952164009111563e-03
0.000000000000000000e+00
3.796507213363705573e-04
3.796507213363705573e-04
1.898253606681852786e-04
1.138952164009111563e-03
1.138952164009111563e-03
2.327817740187769350e-04
3.796507213363705573e-04
1.729625892151062053e-04
3.796507213363705573e-04
1.138952164009111563e-03
2.876258020822461186e-04
2.169432693350688821e-04
1.603639417834676600e-03
2.612160713322454904e-04
2.587706604832781137e-04
1.138952164009111563e-03
0.000000000000000000e+00
1.138952164009111563e-03
5.984752018002882906e-04
1.138952164009111563e-03
1.138952164009111563e-03
4.566473876427342305e-04
0.000000000000000000e+00
1.265502404454568795e-04
8.991033322914351996e-04
1.138952164009111563e-03
0.000000000000000000e+00
6.573019708061537828e-04
4.451927067010598839e-04
3.796507213363705573e-04
1.138952164009111563e-03
0.000000000000000000e+00
1.138952164009111563e-03
8.280345177886544352e-05
1.265502404454568795e-04
3.796507213363705573e-04
2.876258020822461186e-04
3.796507213363705573e-04
6.074411541381928917e-03
4.183916759905629938e-03
1.138952164009111563e-03
1.138952164009111563e-03
1.898253606681852678e-03
1.138952164009111563e-03
0.000000000000000000e+00
1.138952164009111563e-03
0.000000000000000000e+00
1.084716346675344411e-04
3.796507213363705573e-04
2.294914866795316516e-04
1.138952164009111563e-03
0.000000000000000000e+00
1.138952164009111563e-03
3.796507213363705573e-04
2.711790866688360891e-04
1.898253606681852678e-03
3.796507213363705573e-04
0.000000000000000000e+00
3.796507213363705573e-04
1.138952164009111563e-03
1.138952164009111563e-03
7.593014426727411146e-05
2.009915583545491202e-04
3.796507213363705573e-04
1.138952164009111563e-03
1.138952164009111563e-03
2.531004808909137591e-04
2.962289243047933453e-04
1.138952164009111563e-03
1.138952164009111563e-03
1.138952164009111563e-03
0.000000000000000000e+00
0.000000000000000000e+00
1.138952164009111563e-03
0.000000000000000000e+00
0.000000000000000000e+00
3.796507213363706115e-04
5.082325277688352081e-04
1.138952164009111563e-03
1.138952164009111563e-03
1.138952164009111563e-03
1.138952164009111563e-03
3.288975885517596612e-04
8.144237842907780384e-04
2.643423285262997899e-04
1.138952164009111563e-03
1.117855780069225316e-04
1.138952164009111563e-03
1.265502404454568795e-04
3.796507213363705573e-04
3.796507213363705573e-04
0.000000000000000000e+00
3.796507213363705573e-04
1.138952164009111563e-03
1.138952164009111563e-03
1.138952164009111563e-03
2.009915583545491202e-04
3.796507213363705573e-04
1.138952164009111563e-03
9.943183020812834932e-04
1.138952164009111563e-03
1.265502404454568795e-04
2.847380410022778909e-04
1.138952164009111563e-03
1.138952164009111563e-03
3.796507213363705573e-04
1.138952164009111563e-03
0.000000000000000000e+00
3.796507213363705573e-04
3.772704230519743364e-04
1.138952164009111563e-03
2.169432693350688821e-04
1.138952164009111563e-03
3.796507213363705573e-04
3.773055136710237734e-04
3.796507213363705573e-04
7.593014426727411146e-04
1.138952164009111563e-03
1.898253606681852678e-03
0.000000000000000000e+00
0.000000000000000000e+00
3.796507213363705573e-04
1.138952164009111563e-03
1.138952164009111563e-03
3.660495304846049383e-04
2.847380410022778909e-04
1.138952164009111563e-03
1.138952164009111563e-03
9.792239588915902480e-04
3.796507213363705573e-04
0.000000000000000000e+00
3.772079394009425143e-04
2.356452753122299749e-04
3.796507213363705573e-04
1.518602885345482229e-03
1.138952164009111563e-03
1.138952164009111563e-03
1.138952164009111563e-03
3.772079394009425143e-04
0.000000000000000000e+00
1.618505372881713417e-04
3.288975885517596612e-04
3.834624119744154064e-04
3.796507213363705573e-04
0.000000000000000000e+00
1.138952164009111563e-03
7.593014426727411146e-04
2.436961034540308568e-04
1.603639417834676600e-03
1.138952164009111563e-03
1.138952164009111563e-03
3.796507213363705573e-04
3.796507213363705573e-04
3.796507213363705573e-04
0.000000000000000000e+00
0.000000000000000000e+00
4.420423500919096389e-04
1.138952164009111563e-03
1.138952164009111563e-03
3.796507213363705573e-04
3.796507213363706657e-04
3.772079394009425143e-04
1.638549634117233977e-04
1.898253606681852786e-04
1.898253606681852786e-04
7.593014426727411146e-04
1.138952164009111563e-03
3.796507213363706115e-04
3.374673078545515161e-04
1.138952164009111563e-03
2.952838943727325834e-04
2.277904328018224157e-04
1.138952164009111563e-03
1.138952164009111563e-03
3.796507213363706657e-04
1.138952164009111563e-03
7.593014426727411146e-04
3.796507213363705573e-04
1.138952164009111563e-03
0.000000000000000000e+00
3.037205770690964458e-04
0.000000000000000000e+00
2.962289243047933453e-04
5.796241624520579285e-04
6.124324953551475194e-04
0.000000000000000000e+00
1.059008905281434406e-04
1.138952164009111563e-03
2.666904109941680974e-04
2.531004808909137591e-04
1.138952164009111563e-03
3.796507213363705573e-04
1.138952164009111563e-03
1.138952164009111563e-03
1.138952164009111563e-03
3.796507213363705573e-04
1.138952164009111563e-03
1.138952164009111563e-03
3.796507213363705573e-04
1.138952164009111563e-03
1.138952164009111563e-03
1.898253606681852786e-04
2.876258020822461186e-04
1.138952164009111563e-03
1.138952164009111563e-03
3.796507213363705573e-04
7.593014426727411146e-04
2.277904328018224157e-04
1.138952164009111563e-03
1.138952164009111563e-03
4.017621004661267440e-04
1.138952164009111563e-03
1.138952164009111563e-03
1.138952164009111563e-03
0.000000000000000000e+00
1.138952164009111563e-03
5.599015113302495362e-04
1.138952164009111563e-03
3.796507213363705573e-04
1.138952164009111563e-03
3.660495304846049383e-04
1.138952164009111563e-03
1.138952164009111563e-03
1.138952164009111563e-03
1.138952164009111563e-03
2.356452753122299749e-04
4.194148979668918770e-04
3.796507213363705573e-04
3.796507213363705573e-04
0.000000000000000000e+00
7.593014426727411146e-05
2.009915583545491202e-04
1.138952164009111563e-03
2.876258020822461186e-04
3.796507213363705573e-04
1.678489402800836491e-04
3.893953111207265204e-04
1.138952164009111563e-03
3.796507213363706657e-04
4.683143864124496205e-04
2.612160713322454904e-04
0.000000000000000000e+00
1.138952164009111563e-03
0.000000000000000000e+00
1.138952164009111563e-03
0.000000000000000000e+00
2.327817740187769621e-04
1.138952164009111563e-03
1.138952164009111563e-03
1.138952164009111563e-03
0.000000000000000000e+00
0.000000000000000000e+00
0.000000000000000000e+00
1.138952164009111563e-03
1.138952164009111563e-03
1.138952164009111563e-03
1.138952164009111563e-03
3.796507213363705573e-04
3.796507213363705573e-04
2.737498308082271167e-04
0.000000000000000000e+00
3.163756011136421853e-04
1.138952164009111563e-03
3.796507213363706657e-04
2.737498308082271167e-04
1.138952164009111563e-03
1.138952164009111563e-03
2.494992995148887795e-04
0.000000000000000000e+00
3.796507213363705573e-04
3.619600037631082439e-04
1.138952164009111563e-03
0.000000000000000000e+00
3.796507213363705573e-04
1.518602885345482229e-04
2.531004808909137591e-04
1.898253606681852786e-04
2.169432693350688821e-04
2.657555049354593576e-03
3.244881838878553018e-04
9.358744313330850039e-05
1.138952164009111563e-03
2.009915583545491202e-04
2.643423285262997899e-04
5.134799874489133888e-04
1.326682747785371203e-04
1.138952164009111563e-03
7.611323449793701117e-03
1.138952164009111563e-03
3.796507213363705573e-04
1.138952164009111563e-03
1.898253606681852678e-03
1.312403659997742403e-04
2.952838943727325834e-04
1.501592346568389057e-04
3.295976431174242193e-04
3.796507213363705573e-04
3.796507213363705573e-04
1.898253606681852786e-04
3.796507213363705573e-04
3.796507213363705573e-04
1.265502404454568795e-04
1.138952164009111563e-03
3.037205770690964458e-04
2.688455763410360177e-04
1.138952164009111563e-03
2.531004808909137591e-04
1.138952164009111563e-03
1.138952164009111563e-03
1.138952164009111563e-03
1.265502404454568795e-04
1.138952164009111563e-03
3.796507213363705573e-04
1.138952164009111563e-03
0.000000000000000000e+00
2.303278025213240587e-04
1.627074520013016752e-04
1.518602885345482229e-04
1.138952164009111563e-03
0.000000000000000000e+00
3.796507213363706657e-04
0.000000000000000000e+00
1.265502404454568795e-04
0.000000000000000000e+00
0.000000000000000000e+00
1.138952164009111563e-03
3.288975885517596612e-04
1.138952164009111563e-03
5.796241624520579285e-04
1.138952164009111563e-03
1.138952164009111563e-03
1.627074520013016752e-04
1.138952164009111563e-03
0.000000000000000000e+00
9.322640318878473199e-04
1.290995070512469204e-03
8.077383568936498436e-04
1.518602885345482229e-03
2.750905268123817198e-04
1.898253606681852786e-04
3.796507213363705573e-04
3.796507213363705573e-04
9.491268033409263932e-05
3.796507213363705573e-04
3.452841837784139376e-04
1.138952164009111563e-03
1.138952164009111563e-03
3.144066032554699219e-04
3.796507213363705573e-04
1.138952164009111563e-03
1.138952164009111563e-03
1.898253606681852786e-04
3.796507213363705573e-04
0.000000000000000000e+00
3.796507213363705573e-04
2.531004808909137591e-04
1.138952164009111563e-03
5.134799874489133888e-04
1.138952164009111563e-03
0.000000000000000000e+00
2.294914866795316516e-04
1.898253606681853329e-04
1.138952164009111563e-03
1.898253606681852786e-04
1.138952164009111563e-03
0.000000000000000000e+00
3.796507213363705573e-04
1.035411058190101471e-04
1.138952164009111563e-03
3.796507213363705573e-04
1.138952164009111563e-03
7.593014426727411146e-04
3.370263377469331044e-04
1.138952164009111563e-03
2.952838943727325834e-04
1.138952164009111563e-03
3.671302798989147724e-04
4.266083567369685029e-04
6.038415810781410428e-04
1.138952164009111563e-03
1.138952164009111563e-03
3.796507213363705573e-04
3.163756011136421853e-04
3.518595261281452216e-04
7.593014426727411146e-04
1.138952164009111563e-03
1.138952164009111563e-03
0.000000000000000000e+00
2.657555049354593576e-03
5.062009617818275182e-04
2.847380410022778909e-04
3.796507213363705573e-04
3.369632673778512159e-04
3.321943811693241970e-04
3.796507213363705573e-04
2.531004808909137591e-04
1.265502404454568795e-04
2.212147456889723349e-04
1.138952164009111563e-03
1.138952164009111563e-03
0.000000000000000000e+00
2.277904328018223344e-04
1.138952164009111563e-03
0.000000000000000000e+00
2.968472695575051544e-04
1.138952164009111563e-03
1.898253606681852786e-04
1.138952164009111563e-03
3.219965249313351736e-04
0.000000000000000000e+00
0.000000000000000000e+00
1.138952164009111563e-03
3.687188159177258277e-04
0.000000000000000000e+00
1.138952164009111563e-03
9.491268033409263932e-05
0.000000000000000000e+00
3.595936831382600014e-04
3.796507213363705573e-04
7.593014426727411146e-04
1.138952164009111563e-03
2.903211398454598252e-04
2.834602800845522036e-04
2.277904328018223127e-03
2.531004808909137591e-04
1.138952164009111563e-03
1.138952164009111563e-03
9.111617312072893375e-04
1.138952164009111563e-03
4.124217140187152477e-04
1.138952164009111563e-03
1.138952164009111563e-03
1.138952164009111563e-03
5.108910873361447976e-04
1.138952164009111563e-03
2.531004808909137591e-04
1.138952164009111563e-03
3.321943811693241970e-04
3.374673078545515161e-04
1.898253606681852786e-04
1.138952164009111563e-03
3.796507213363705573e-04
3.796507213363705573e-04
3.796507213363705573e-04
0.000000000000000000e+00
1.138952164009111563e-03
6.542266419293506522e-04
0.000000000000000000e+00
0.000000000000000000e+00
3.796507213363705573e-04
1.138952164009111563e-03
2.077822749301338318e-04
1.138952164009111563e-03
0.000000000000000000e+00
2.847380410022779451e-04
3.037205770690964458e-04
0.000000000000000000e+00
2.169432693350688821e-04
1.138952164009111563e-03
7.593014426727411146e-04
1.138952164009111563e-03
1.968733778413646654e-04
1.968733778413646654e-04
1.138952164009111563e-03
1.898253606681852786e-04
1.138952164009111563e-03
1.138952164009111563e-03
6.643887623386483940e-04
3.796507213363705573e-04
2.327817740187769621e-04
3.675593789175214871e-04
3.796507213363706115e-04
3.796507213363705573e-04
3.796507213363705573e-04
8.670287381641016144e-04
1.138952164009111563e-03
1.138952164009111563e-03
1.138952164009111563e-03
1.138952164009111563e-03
3.000388958713335816e-04
0.000000000000000000e+00
1.138952164009111563e-03
1.138952164009111563e-03
1.898253606681852786e-04
3.796507213363705573e-04
1.138952164009111563e-03
0.000000000000000000e+00
0.000000000000000000e+00
1.138952164009111563e-03
1.138952164009111563e-03
1.138952164009111563e-03
9.358744313330850039e-05
1.138952164009111563e-03
3.452841837784139376e-04
3.796507213363706657e-04
1.138952164009111563e-03
2.672430102635287583e-04
1.138952164009111563e-03
3.796507213363705573e-04
1.468689473175936223e-04
6.682564667546957594e-04
3.796507213363705573e-04
3.796507213363705573e-04
0.000000000000000000e+00
2.719092357646793467e-04
1.138952164009111563e-03
0.000000000000000000e+00
3.796507213363705573e-04
5.808447502091431368e-04
2.531004808909137591e-04
1.265502404454568795e-04
2.643423285262997899e-04
1.518602885345482229e-04
2.962289243047933453e-04
3.796507213363705573e-04
2.088544416067429437e-04
1.678489402800836491e-04
1.468689473175935952e-04
1.138952164009111563e-03
1.521241736110540794e-03
1.138952164009111563e-03
2.306167856201415890e-04
1.138952164009111563e-03
3.684179917421232181e-04
3.796507213363705573e-04
0.000000000000000000e+00
3.796507213363705573e-04
4.589829733590633032e-04
1.138952164009111563e-03
1.138952164009111563e-03
1.594533029612756406e-02
1.138952164009111563e-03
1.138952164009111563e-03
0.000000000000000000e+00
2.277904328018223344e-04
1.138952164009111563e-03
1.771703366236397018e-04
1.138952164009111563e-03
2.962289243047933453e-04
3.796507213363705573e-04
3.796507213363705573e-04
1.138952164009111563e-03
0.000000000000000000e+00
9.423101684920558337e-04
0.000000000000000000e+00
3.796507213363706115e-04
0.000000000000000000e+00
1.138952164009111563e-03
3.796507213363705573e-04
3.614122627248624021e-04
2.643423285262997899e-04
3.037205770690964458e-04
3.796507213363705573e-04
0.000000000000000000e+00
1.138952164009111563e-03
1.138952164009111563e-03
2.531004808909137591e-04
3.796507213363705573e-04
1.138952164009111563e-03
1.138952164009111563e-03
1.138952164009111563e-03
1.138952164009111563e-03
1.138952164009111563e-03
3.796507213363705573e-04
3.796507213363705573e-04
1.138952164009111563e-03
1.138952164009111563e-03
0.000000000000000000e+00
1.898253606681852786e-04
1.138952164009111563e-03
0.000000000000000000e+00
1.898253606681852786e-04
1.138952164009111563e-03
3.219965249313351736e-04
3.796507213363705573e-04
1.138952164009111563e-03
1.138952164009111563e-03
1.138952164009111563e-03
1.239787788498918943e-03
3.796507213363705573e-04
1.138952164009111563e-03
1.627074520013016752e-04
1.898253606681852786e-04
2.847380410022779451e-04
0.000000000000000000e+00
3.796507213363705573e-04
1.138952164009111563e-03
2.847380410022778909e-04
1.138952164009111563e-03
1.265502404454568795e-04
1.077414855716911834e-04
6.153246939754072702e-05
1.138952164009111563e-03
1.138952164009111563e-03
3.796507213363705573e-04
1.105221884611479318e-03
1.518602885345482229e-03
1.138952164009111563e-03
3.660495304846049383e-04
3.684179917421232181e-04
6.201638231986444146e-04
2.847380410022779451e-04
3.796507213363705573e-04
3.584007903576290994e-04
1.898253606681852678e-03
3.796507213363705573e-04
7.593014426727411146e-04
1.138952164009111563e-03
2.294914866795316516e-04
3.796507213363705573e-04
1.898253606681852786e-04
1.138952164009111563e-03
3.675593789175214871e-04
1.138952164009111563e-03
0.000000000000000000e+00
8.280345177886544352e-05
2.952838943727325834e-04
4.280876355572793947e-04
1.138952164009111563e-03
1.898253606681852786e-04
0.000000000000000000e+00
1.898253606681853329e-04
1.138952164009111563e-03
1.138952164009111563e-03
1.059008905281434406e-04
2.962289243047933453e-04
1.138952164009111563e-03
1.138952164009111563e-03
3.796507213363705573e-04
7.593014426727411146e-04
3.796507213363705573e-04
2.796142431165802764e-04
9.491268033409263932e-05
8.144237842907780384e-04
0.000000000000000000e+00
1.138952164009111563e-03
2.356452753122299749e-04
3.796507213363706115e-04
4.531129401340882354e-04
1.898253606681853058e-04
3.796507213363705573e-04
1.138952164009111563e-03
1.518602885345482229e-04
1.898253606681852786e-04
1.518602885345482229e-04
4.182407780959555127e-04
1.518602885345482229e-04
1.138952164009111563e-03
1.138952164009111563e-03
3.796507213363705573e-04
2.920390164125927072e-04
3.446295179205481878e-04
4.338865386701377643e-04
3.796507213363705573e-04
9.271905724570245373e-04
1.138952164009111563e-03
1.138952164009111563e-03
2.531004808909137591e-04
3.684179917421232181e-04
1.638549634117233977e-04
4.476490006518109581e-04
0.000000000000000000e+00
3.796507213363705573e-04
5.108910873361447976e-04
7.593014426727411146e-04
4.105655877973563039e-04
4.194148979668918770e-04
1.138952164009111563e-03
5.629022666786147365e-04
8.280345177886544352e-05
3.796507213363705573e-04
1.265502404454568795e-04
3.772079394009425143e-04
0.000000000000000000e+00
1.059008905281434406e-04
1.138952164009111563e-03
1.138952164009111563e-03
0.000000000000000000e+00
1.138952164009111563e-03
1.138952164009111563e-03
0.000000000000000000e+00
1.138952164009111563e-03
3.326930859357726117e-04
1.166361127230128894e-04
3.796507213363705573e-04
1.138952164009111563e-03
1.138952164009111563e-03
1.138952164009111563e-03
1.138952164009111563e-03
2.531004808909137591e-04
2.353478486272079563e-04
2.294914866795316516e-04
1.138952164009111563e-03
7.593014426727411146e-04
1.138952164009111563e-03
1.138952164009111563e-03
2.277904328018224157e-04
2.962289243047933453e-04
1.138952164009111563e-03
1.138952164009111563e-03
1.138952164009111563e-03
2.303278025213240587e-04
1.138952164009111563e-03
7.593014426727411146e-04
1.138952164009111563e-03
1.138952164009111563e-03
3.796507213363705573e-04
1.138952164009111563e-03
2.651944114954944806e-04
3.796507213363705573e-04
3.614122627248624021e-04
1.138952164009111563e-03
1.138952164009111563e-03
3.796507213363705573e-04
1.138952164009111563e-03
1.138952164009111563e-03
1.138952164009111563e-03
0.000000000000000000e+00
1.138952164009111563e-03
0.000000000000000000e+00
3.796507213363706657e-04
1.138952164009111563e-03
0.000000000000000000e+00
1.138952164009111563e-03
0.000000000000000000e+00
1.138952164009111563e-03
1.138952164009111563e-03
1.138952164009111563e-03
1.138952164009111563e-03
0.000000000000000000e+00
5.108910873361447976e-04
1.138952164009111563e-03
3.796507213363705573e-04
1.084716346675344411e-04
