4.484556654617714855e-03
1.757469244288224850e-03
1.757469244288224850e-03
1.757469244288224850e-03
1.757469244288224850e-03
1.757469244288224850e-03
1.757469244288224850e-03
1.757469244288224850e-03
1.757469244288224850e-03
1.757469244288224850e-03
1.757469244288224850e-03
1.757469244288224850e-03
1.757469244288224850e-03
1.757469244288224850e-03
7.770019485021797219e-04
1.757469244288224850e-03
1.757469244288224850e-03
1.757469244288224850e-03
1.757469244288224850e-03
0.000000000000000000e+00
1.757469244288224850e-03
1.757469244288224850e-03
0.000000000000000000e+00
1.757469244288224850e-03
1.267235596395202123e-03
1.757469244288224850e-03
1.757469244288224850e-03
1.757469244288224850e-03
1.757469244288224850e-03
1.757469244288224850e-03
1.757469244288224850e-03
0.000000000000000000e+00
1.757469244288224850e-03
1.757469244288224850e-03
1.757469244288224850e-03
5.272407732864674984e-03
1.405975395430579880e-02
1.405975395430579880e-02
0.000000000000000000e+00
1.757469244288224850e-03
1.757469244288224850e-03
1.054481546572934997e-02
1.757469244288224850e-03
4.267980892518861979e-03
1.757469244288224850e-03
1.757469244288224850e-03
1.757469244288224850e-03
1.757469244288224850e-03
1.757469244288224850e-03
1.757469244288224850e-03
1.757469244288224850e-03
0.000000000000000000e+00
1.757469244288224850e-03
1.757469244288224850e-03
1.757469244288224850e-03
1.757469244288224850e-03
1.757469244288224850e-03
1.757469244288224850e-03
0.000000000000000000e+00
1.757469244288224850e-03
1.757469244288224850e-03
1.757469244288224850e-03
1.757469244288224850e-03
1.757469244288224850e-03
1.757469244288224850e-03
1.757469244288224850e-03
1.757469244288224850e-03
1.757469244288224850e-03
0.000000000000000000e+00
1.757469244288224850e-03
0.000000000000000000e+00
6.293575808472456120e-04
0.000000000000000000e+00
0.000000000000000000e+00
2.701658301723166428e-03
1.757469244288224850e-03
1.267235596395202123e-03
1.757469244288224850e-03
0.000000000000000000e+00
1.757469244288224850e-03
1.757469244288224850e-03
1.757469244288224850e-03
1.757469244288224850e-03
0.000000000000000000e+00
1.757469244288224850e-03
1.757469244288224850e-03
1.757469244288224850e-03
1.757469244288224850e-03
1.757469244288224850e-03
1.757469244288224850e-03
1.757469244288224850e-03
1.757469244288224850e-03
1.757469244288224850e-03
1.757469244288224850e-03
1.757469244288224850e-03
8.787346221441124251e-04
1.757469244288224850e-03
1.757469244288224850e-03
1.757469244288224850e-03
1.757469244288224850e-03
0.000000000000000000e+00
1.757469244288224850e-03
1.757469244288224850e-03
1.757469244288224850e-03
1.054481546572934997e-02
1.757469244288224850e-03
1.757469244288224850e-03
0.000000000000000000e+00
1.757469244288224850e-03
5.581131785348208800e-03
1.757469244288224850e-03
8.787346221441125552e-03
1.757469244288224850e-03
2.204668462434969129e-03
1.757469244288224850e-03
1.757469244288224850e-03
1.757469244288224850e-03
0.000000000000000000e+00
1.757469244288224850e-03
1.757469244288224850e-03
1.757469244288224850e-03
8.787346221441124251e-04
1.757469244288224850e-03
1.267235596395202123e-03
2.701658301723166428e-03
5.454156052164592025e-03
5.581131785348208800e-03
5.581131785348208800e-03
1.757469244288224850e-03
1.757469244288224850e-03
0.000000000000000000e+00
0.000000000000000000e+00
0.000000000000000000e+00
1.757469244288224850e-03
1.757469244288224850e-03
0.000000000000000000e+00
1.757469244288224850e-03
3.514938488576449700e-03
3.514938488576449700e-03
1.757469244288224850e-03
8.134328730173565405e-04
1.757469244288224850e-03
1.757469244288224850e-03
1.757469244288224850e-03
1.757469244288224850e-03
1.405975395430579837e-03
1.757469244288224850e-03
5.581131785348208800e-03
1.757469244288224850e-03
1.757469244288224850e-03
1.757469244288224850e-03
1.757469244288224850e-03
1.757469244288224850e-03
1.757469244288224850e-03
5.272407732864674984e-03
1.757469244288224850e-03
1.757469244288224850e-03
1.014420014340591683e-03
1.757469244288224850e-03
0.000000000000000000e+00
0.000000000000000000e+00
0.000000000000000000e+00
5.400283344644709986e-03
1.757469244288224850e-03
1.757469244288224850e-03
1.757469244288224850e-03
1.883303153889337271e-03
2.193063242669649002e-03
1.054481546572934997e-02
1.757469244288224850e-03
1.757469244288224850e-03
1.757469244288224850e-03
1.757469244288224850e-03
1.757469244288224850e-03
0.000000000000000000e+00
1.757469244288224850e-03
1.757469244288224850e-03
1.888378114869882938e-03
1.757469244288224850e-03
1.757469244288224850e-03
1.757469244288224850e-03
1.757469244288224850e-03
1.757469244288224850e-03
1.757469244288224850e-03
1.757469244288224850e-03
1.757469244288224850e-03
1.757469244288224850e-03
1.757469244288224850e-03
1.757469244288224850e-03
1.757469244288224850e-03
1.757469244288224850e-03
1.054481546572934997e-02
2.701658301723166428e-03
1.757469244288224850e-03
1.757469244288224850e-03
1.757469244288224850e-03
1.757469244288224850e-03
0.000000000000000000e+00
1.757469244288224850e-03
1.757469244288224850e-03
1.757469244288224850e-03
1.757469244288224850e-03
1.757469244288224850e-03
1.757469244288224850e-03
1.757469244288224850e-03
1.757469244288224850e-03
1.757469244288224850e-03
0.000000000000000000e+00
1.757469244288224850e-03
1.757469244288224850e-03
3.514938488576449700e-03
1.757469244288224850e-03
0.000000000000000000e+00
0.000000000000000000e+00
0.000000000000000000e+00
1.757469244288224850e-03
0.000000000000000000e+00
0.000000000000000000e+00
7.029876977152899400e-03
7.029876977152899400e-03
1.757469244288224850e-03
1.757469244288224850e-03
1.757469244288224850e-03
1.757469244288224850e-03
1.757469244288224850e-03
1.757469244288224850e-03
1.757469244288224850e-03
3.154010480564697905e-03
0.000000000000000000e+00
1.757469244288224850e-03
1.757469244288224850e-03
1.757469244288224850e-03
1.757469244288224850e-03
1.757469244288224850e-03
1.757469244288224850e-03
0.000000000000000000e+00
1.757469244288224850e-03
1.757469244288224850e-03
1.757469244288224850e-03
1.757469244288224850e-03
5.272407732864674984e-03
1.757469244288224850e-03
2.524243454960768077e-03
1.077587333506956936e-03
3.514938488576449700e-03
2.397557481468936148e-03
3.399409553906340112e-04
1.757469244288224850e-03
3.514938488576449700e-03
1.757469244288224850e-03
8.787346221441124251e-04
1.757469244288224850e-03
1.757469244288224850e-03
1.757469244288224850e-03
1.757469244288224850e-03
3.514938488576449700e-03
1.757469244288224850e-03
1.757469244288224850e-03
1.757469244288224850e-03
1.757469244288224850e-03
0.000000000000000000e+00
1.757469244288224850e-03
1.757469244288224850e-03
0.000000000000000000e+00
1.757469244288224850e-03
0.000000000000000000e+00
1.757469244288224850e-03
1.757469244288224850e-03
1.757469244288224850e-03
1.757469244288224850e-03
1.757469244288224850e-03
1.757469244288224850e-03
1.757469244288224850e-03
1.757469244288224850e-03
1.757469244288224850e-03
1.757469244288224850e-03
1.757469244288224850e-03
1.757469244288224850e-03
3.600096672239065307e-03
0.000000000000000000e+00
0.000000000000000000e+00
1.757469244288224850e-03
1.757469244288224850e-03
1.757469244288224850e-03
1.757469244288224850e-03
1.757469244288224850e-03
1.757469244288224850e-03
1.757469244288224850e-03
2.480506309195467350e-03
3.926580439009952350e-03
0.000000000000000000e+00
2.495115622404548046e-03
1.757469244288224850e-03
1.757469244288224850e-03
1.757469244288224850e-03
1.757469244288224850e-03
1.757469244288224850e-03
0.000000000000000000e+00
3.514938488576449700e-03
1.757469244288224850e-03
1.757469244288224850e-03
1.757469244288224850e-03
1.757469244288224850e-03
1.757469244288224850e-03
1.267235596395202123e-03
4.201648202555180629e-03
1.757469244288224850e-03
0.000000000000000000e+00
1.757469244288224850e-03
1.757469244288224850e-03
1.171646162858816639e-03
0.000000000000000000e+00
1.757469244288224850e-03
0.000000000000000000e+00
1.757469244288224850e-03
1.757469244288224850e-03
1.464557703573520853e-03
1.757469244288224850e-03
1.757469244288224850e-03
0.000000000000000000e+00
1.757469244288224850e-03
0.000000000000000000e+00
1.757469244288224850e-03
1.757469244288224850e-03
1.757469244288224850e-03
1.757469244288224850e-03
1.757469244288224850e-03
1.757469244288224850e-03
1.757469244288224850e-03
1.757469244288224850e-03
1.757469244288224850e-03
3.514938488576449700e-03
1.757469244288224850e-03
1.757469244288224850e-03
1.757469244288224850e-03
1.757469244288224850e-03
0.000000000000000000e+00
1.757469244288224850e-03
0.000000000000000000e+00
1.757469244288224850e-03
2.948858662822492153e-03
1.757469244288224850e-03
1.757469244288224850e-03
1.757469244288224850e-03
0.000000000000000000e+00
5.272407732864674984e-03
1.171646162858816639e-03
0.000000000000000000e+00
1.757469244288224850e-03
1.757469244288224850e-03
1.757469244288224850e-03
1.757469244288224850e-03
1.757469244288224850e-03
1.757469244288224850e-03
1.757469244288224850e-03
1.757469244288224850e-03
1.757469244288224850e-03
1.757469244288224850e-03
1.054481546572934997e-02
0.000000000000000000e+00
1.757469244288224850e-03
1.757469244288225067e-03
1.757469244288224850e-03
1.757469244288224850e-03
1.757469244288224850e-03
1.757469244288224850e-03
1.757469244288224850e-03
8.787346221441125552e-03
1.757469244288224850e-03
0.000000000000000000e+00
1.757469244288224850e-03
1.757469244288224850e-03
1.757469244288224850e-03
1.757469244288224850e-03
1.757469244288224850e-03
1.757469244288224850e-03
0.000000000000000000e+00
1.757469244288224850e-03
1.757469244288224850e-03
1.757469244288224850e-03
1.757469244288224850e-03
1.757469244288224850e-03
1.757469244288224850e-03
1.171646162858816639e-03
1.757469244288224850e-03
1.981692147729127718e-03
4.475408920328272956e-03
1.757469244288224850e-03
1.757469244288224850e-03
1.054481546572934997e-02
1.757469244288224850e-03
1.981692147729127718e-03
1.757469244288224850e-03
1.757469244288224850e-03
0.000000000000000000e+00
0.000000000000000000e+00
1.757469244288224850e-03
1.757469244288224850e-03
2.375560461208279118e-03
3.514938488576449700e-03
1.757469244288224850e-03
0.000000000000000000e+00
1.757469244288224850e-03
8.787346221441125552e-03
1.757469244288224850e-03
1.757469244288224850e-03
8.787346221441124251e-04
1.757469244288224850e-03
1.757469244288224850e-03
1.757469244288224850e-03
0.000000000000000000e+00
1.757469244288224850e-03
1.757469244288224850e-03
2.811950790861159760e-02
1.757469244288224850e-03
1.405975395430579837e-03
1.757469244288224850e-03
7.745163566807277550e-04
4.977884436576361996e-03
1.757469244288224850e-03
1.757469244288224850e-03
0.000000000000000000e+00
0.000000000000000000e+00
0.000000000000000000e+00
1.757469244288224850e-03
1.757469244288224850e-03
1.757469244288224850e-03
1.757469244288224850e-03
0.000000000000000000e+00
1.757469244288224850e-03
1.757469244288224850e-03
1.757469244288224850e-03
1.757469244288224850e-03
1.757469244288224850e-03
1.757469244288224850e-03
1.757469244288224850e-03
2.044237544897381954e-03
0.000000000000000000e+00
1.757469244288224850e-03
0.000000000000000000e+00
1.757469244288224850e-03
3.926580439009952350e-03
1.757469244288224850e-03
1.757469244288224850e-03
1.757469244288224850e-03
1.757469244288224850e-03
0.000000000000000000e+00
1.757469244288224850e-03
1.757469244288224850e-03
1.757469244288224850e-03
1.128111663440979238e-03
1.757469244288224850e-03
1.757469244288224850e-03
1.757469244288224850e-03
0.000000000000000000e+00
2.941401887358135060e-03
1.757469244288224850e-03
0.000000000000000000e+00
0.000000000000000000e+00
8.787346221441124251e-04
1.757469244288224850e-03
2.690686543928916090e-03
0.000000000000000000e+00
1.757469244288224850e-03
1.757469244288224850e-03
1.757469244288224850e-03
1.757469244288224850e-03
1.757469244288224850e-03
1.757469244288224850e-03
1.900853394592803402e-03
1.757469244288224850e-03
5.581131785348208800e-03
1.757469244288224850e-03
5.243967397208944975e-03
5.105647770426845200e-03
1.757469244288224850e-03
1.014420014340591683e-03
1.757469244288224850e-03
0.000000000000000000e+00
1.405975395430579837e-03
1.757469244288224850e-03
1.757469244288224850e-03
1.757469244288224850e-03
0.000000000000000000e+00
4.406540426876318604e-03
1.757469244288224850e-03
0.000000000000000000e+00
5.289317074781722458e-03
1.757469244288224850e-03
1.757469244288224850e-03
1.757469244288224850e-03
1.757469244288224850e-03
1.757469244288224850e-03
3.243567704183492051e-03
1.757469244288224850e-03
1.757469244288224850e-03
1.757469244288224850e-03
1.757469244288224850e-03
0.000000000000000000e+00
0.000000000000000000e+00
5.858230814294083195e-04
1.757469244288224850e-03
1.757469244288224850e-03
1.757469244288224850e-03
1.757469244288224850e-03
8.787346221441124251e-04
1.757469244288224850e-03
1.757469244288224850e-03
0.000000000000000000e+00
1.757469244288224850e-03
1.757469244288224850e-03
1.757469244288224850e-03
1.405975395430579837e-03
1.757469244288224850e-03
1.757469244288224850e-03
0.000000000000000000e+00
1.757469244288224850e-03
1.757469244288224850e-03
0.000000000000000000e+00
1.757469244288224850e-03
1.757469244288224850e-03
8.943984362934885579e-04
1.336006209897835700e-03
1.757469244288224850e-03
1.757469244288224850e-03
1.757469244288224850e-03
5.272407732864674984e-03
1.649485855967509559e-03
4.214630343903890959e-04
1.336006209897835700e-03
1.336006209897835700e-03
1.757469244288224850e-03
1.757469244288224850e-03
1.757469244288224850e-03
1.757469244288224850e-03
1.757469244288224850e-03
3.514938488576449700e-03
1.757469244288224850e-03
1.757469244288224850e-03
3.963384295458255435e-03
5.858230814294083195e-04
0.000000000000000000e+00
1.757469244288224850e-03
1.757469244288224850e-03
1.757469244288224850e-03
1.757469244288224850e-03
3.093475454186061201e-03
1.757469244288224850e-03
2.835056577795182220e-03
2.672012419795671834e-03
1.757469244288224850e-03
1.554003897004359444e-03
1.171646162858816639e-03
5.858230814294083195e-04
1.171646162858816639e-03
1.757469244288224850e-03
1.757469244288224850e-03
1.757469244288224850e-03
3.514938488576449700e-03
0.000000000000000000e+00
3.093475454186061201e-03
1.757469244288224850e-03
0.000000000000000000e+00
0.000000000000000000e+00
0.000000000000000000e+00
1.757469244288224850e-03
1.757469244288224850e-03
1.757469244288224850e-03
1.757469244288224850e-03
0.000000000000000000e+00
0.000000000000000000e+00
1.757469244288224850e-03
1.757469244288224850e-03
1.757469244288224850e-03
0.000000000000000000e+00
0.000000000000000000e+00
1.757469244288224850e-03
1.757469244288224850e-03
1.757469244288224850e-03
1.757469244288224850e-03
1.757469244288224850e-03
1.757469244288224850e-03
1.757469244288224850e-03
1.757469244288224850e-03
1.757469244288224850e-03
1.757469244288224850e-03
1.757469244288224850e-03
1.757469244288224850e-03
1.757469244288224850e-03
1.757469244288224850e-03
6.798819107812681308e-04
6.798819107812681308e-04
1.757469244288224850e-03
1.757469244288224850e-03
1.757469244288224850e-03
1.757469244288224850e-03
1.757469244288224850e-03
1.757469244288224850e-03
1.757469244288224850e-03
1.757469244288224850e-03
1.757469244288224850e-03
1.757469244288224850e-03
1.757469244288224850e-03
1.757469244288224850e-03
0.000000000000000000e+00
1.757469244288224850e-03
1.757469244288224850e-03
1.757469244288224850e-03
0.000000000000000000e+00
1.757469244288224850e-03
1.757469244288224850e-03
1.757469244288224850e-03
1.757469244288224850e-03
1.757469244288224850e-03
1.757469244288224850e-03
