6.807351940095302499e-04
1.361470388019060500e-03
3.403675970047651250e-04
3.403675970047651250e-04
3.403675970047651250e-04
0.000000000000000000e+00
3.403675970047651250e-04
3.403675970047651250e-04
1.193859031013279857e-03
3.403675970047651250e-04
3.403675970047651250e-04
3.063308373042886341e-03
1.089176310415248400e-02
0.000000000000000000e+00
3.622831834139057816e-04
6.807351940095302499e-04
1.055139550714771952e-02
3.403675970047651250e-04
3.403675970047651250e-04
2.784825793675351022e-04
3.403675970047651250e-04
3.403675970047651792e-04
3.403675970047651250e-04
1.034758587188506791e-03
2.552756977535738437e-04
1.504813167793533977e-04
3.403675970047651250e-04
3.403675970047651250e-04
5.672793283412752986e-05
3.403675970047651250e-04
3.403675970047651250e-04
2.803027269451007007e-04
3.403675970047651250e-04
0.000000000000000000e+00
3.403675970047651792e-04
3.094250881861501136e-04
3.403675970047650707e-04
3.970955298388926819e-04
3.403675970047651250e-04
4.368349005917857020e-04
3.403675970047651250e-04
9.289390885092438160e-04
3.403675970047651250e-04
1.361470388019060337e-04
5.847024288899738695e-04
1.701837985023825625e-04
2.127297481279782031e-04
5.105513955071477525e-03
3.403675970047651250e-04
1.701837985023825625e-04
3.403675970047651250e-04
0.000000000000000000e+00
0.000000000000000000e+00
3.056095425032839753e-04
3.964695209515165593e-04
3.403675970047651250e-04
3.403675970047651250e-04
1.054087819267548109e-03
3.403675970047651250e-04
3.403675970047651250e-04
1.259360108917630984e-02
3.403675970047651250e-04
3.403675970047651250e-04
0.000000000000000000e+00
3.094250881861501136e-04
3.403675970047651250e-04
3.403675970047651250e-04
2.360198786988668336e-04
3.403675970047650707e-04
3.403675970047651250e-04
3.403675970047651792e-04
3.403675970047651250e-04
3.403675970047651250e-04
3.403675970047651250e-04
3.403675970047651250e-04
3.403675970047651250e-04
1.701837985023825625e-04
3.403675970047651250e-04
4.750459077627076161e-04
3.403675970047651250e-04
2.552756977535738437e-04
1.361470388019060500e-03
3.056095425032839753e-04
1.953803834850297179e-04
7.828454731109598524e-03
1.021102791014295505e-02
3.403675970047651250e-04
6.807351940095302499e-04
3.403675970047651250e-04
2.437743114377690344e-04
3.403675970047651250e-04
2.227069012786231090e-04
2.722940776038121000e-03
3.403675970047651250e-04
3.403675970047651250e-04
1.701837985023825625e-04
3.403675970047651792e-04
3.403675970047651250e-04
4.140909031362203108e-04
0.000000000000000000e+00
2.042205582028590641e-04
3.403675970047651250e-04
1.701837985023825625e-03
2.954935983564654207e-04
1.276378488767869219e-04
1.701837985023825625e-04
3.403675970047651250e-04
3.403675970047651250e-04
3.403675970047651250e-04
1.134558656682550597e-04
3.403675970047651250e-04
2.722940776038120674e-04
2.165975617303050795e-04
3.403675970047651250e-04
3.403675970047651250e-04
1.134558656682550597e-04
0.000000000000000000e+00
0.000000000000000000e+00
1.426009999330969593e-04
3.403675970047651250e-04
3.403675970047651250e-04
3.403675970047651250e-04
3.403675970047651250e-04
3.403675970047651250e-04
3.403675970047651250e-04
3.403675970047651250e-04
3.403675970047651250e-04
1.701837985023825625e-04
3.622831834139057816e-04
0.000000000000000000e+00
3.959057736714126320e-04
3.403675970047651250e-04
3.403675970047651250e-04
5.989704231985172383e-04
0.000000000000000000e+00
4.908489137841184685e-04
3.403675970047651250e-04
3.403675970047651250e-04
2.042205582028590641e-04
3.403675970047651250e-04
3.403675970047651250e-04
3.403675970047651250e-03
1.918963294856830884e-04
1.134558656682550597e-04
0.000000000000000000e+00
0.000000000000000000e+00
3.403675970047651250e-04
0.000000000000000000e+00
3.403675970047651250e-04
4.049072083166741637e-04
3.403675970047651250e-04
1.134558656682550597e-04
3.080581820927742330e-04
1.002857391142296080e-03
3.403675970047651250e-04
3.094250881861501136e-04
6.677730097380509466e-04
3.403675970047651250e-04
1.944957697170086235e-04
2.401486683219080471e-04
2.431197121462607726e-04
3.403675970047651250e-04
3.403675970047651250e-04
3.403675970047651250e-04
2.661319632452241067e-04
3.403675970047651250e-04
3.403675970047651250e-04
3.403675970047652334e-04
3.403675970047651250e-04
5.442303419795797848e-04
3.403675970047651250e-04
2.836396641706376764e-04
0.000000000000000000e+00
3.913332832484688441e-04
2.552756977535738437e-04
1.701837985023825625e-03
3.403675970047651250e-04
3.403675970047651250e-04
0.000000000000000000e+00
3.403675970047651250e-04
2.269117313365100381e-04
3.403675970047651250e-04
3.403675970047651250e-04
3.773556850911381245e-04
3.403675970047651250e-04
2.382573179033356092e-03
3.403675970047651250e-04
3.611399558630681806e-04
3.403675970047651250e-04
3.403675970047651250e-04
2.978216473791694572e-04
3.403675970047650707e-04
1.701837985023825625e-03
3.403675970047651250e-04
1.021102791014295375e-03
5.490630336165618162e-04
2.086954366117966099e-04
3.403675970047651250e-04
0.000000000000000000e+00
3.403675970047651250e-04
2.722940776038120674e-04
8.509189925119128124e-05
0.000000000000000000e+00
2.127297481279782031e-04
3.403675970047651250e-04
2.127297481279782031e-04
1.701837985023825625e-04
1.021102791014295375e-03
1.134558656682550597e-04
3.403675970047651250e-04
3.403675970047651250e-04
3.403675970047651250e-04
0.000000000000000000e+00
3.403675970047651250e-04
3.403675970047651250e-04
5.445881552076241999e-03
0.000000000000000000e+00
1.193859031013279857e-03
3.403675970047651250e-04
6.807351940095302499e-04
2.269117313365101194e-04
3.403675970047651250e-04
2.401486683219080471e-04
3.403675970047651250e-04
1.701837985023825625e-04
1.361470388019060337e-04
3.403675970047651250e-04
3.403675970047651792e-04
0.000000000000000000e+00
0.000000000000000000e+00
3.403675970047651250e-04
6.807351940095302499e-04
3.403675970047651250e-04
3.403675970047651250e-04
3.403675970047651250e-04
2.042205582028590750e-03
2.917436545755129488e-04
1.701837985023825625e-03
3.403675970047651250e-04
0.000000000000000000e+00
3.403675970047651250e-04
0.000000000000000000e+00
6.054172633567366131e-04
1.701837985023825625e-04
3.403675970047651250e-04
3.403675970047651250e-04
3.403675970047651250e-04
3.403675970047651250e-04
3.403675970047651250e-04
3.476497859206956068e-04
2.127297481279782031e-04
2.954935983564654207e-04
1.134558656682550597e-04
3.403675970047651250e-04
6.582684532412389671e-04
3.403675970047651250e-04
3.403675970047651792e-04
3.403675970047651250e-04
3.403675970047651250e-04
3.403675970047651250e-04
0.000000000000000000e+00
1.134558656682550597e-04
3.403675970047651250e-03
3.666172034714323198e-04
2.803027269451007007e-04
3.611399558630683433e-04
3.403675970047651250e-04
3.403675970047651250e-04
3.403675970047651250e-04
3.403675970047651250e-04
3.403675970047651250e-04
3.403675970047651250e-04
3.403675970047651250e-04
2.552756977535738437e-04
1.701837985023825625e-04
3.403675970047651250e-04
2.086954366117966099e-04
3.403675970047651792e-04
3.403675970047651250e-04
3.063308373042886341e-03
0.000000000000000000e+00
3.403675970047651250e-04
3.403675970047651250e-04
3.403675970047651250e-04
3.403675970047651250e-04
3.575538659025680015e-04
3.120036305877015091e-04
4.236896830568835041e-04
3.403675970047651250e-04
2.552756977535738437e-04
3.403675970047651250e-04
3.403675970047651250e-04
3.403675970047651250e-04
3.403675970047651250e-04
2.836396641706376764e-04
3.403675970047651250e-04
1.458718272877564744e-04
3.403675970047651250e-04
3.403675970047651250e-04
7.423563375954103183e-05
3.403675970047651250e-04
6.422092558150153604e-04
2.722940776038120674e-04
2.269117313365101194e-04
0.000000000000000000e+00
3.403675970047651250e-04
3.403675970047651250e-04
3.403675970047651250e-04
0.000000000000000000e+00
2.917436545755129488e-04
3.403675970047651250e-04
3.403675970047651250e-04
5.956432947583389145e-04
1.701837985023825625e-04
1.701837985023825625e-04
3.403675970047651250e-04
3.403675970047651250e-04
3.403675970047651250e-04
3.403675970047651250e-04
2.086954366117966099e-04
3.403675970047651250e-04
2.401486683219080471e-04
3.403675970047651250e-04
4.318900544493949035e-04
1.134558656682550597e-04
2.269117313365101194e-04
5.516559713857123351e-05
3.403675970047651250e-04
1.701837985023825625e-03
1.021102791014295375e-03
3.403675970047651250e-04
6.807351940095302499e-04
8.172961256772379472e-04
3.403675970047651250e-04
3.666172034714323198e-04
3.403675970047651250e-04
3.403675970047651250e-04
1.021102791014295375e-03
2.401486683219080471e-04
3.403675970047651250e-04
3.403675970047651792e-04
3.403675970047651250e-04
3.531428783504306115e-04
6.807351940095302499e-04
0.000000000000000000e+00
9.636604386252505677e-04
8.678858093193913322e-04
1.701837985023825625e-04
3.403675970047651250e-04
3.403675970047651250e-04
3.403675970047651250e-04
3.403675970047651250e-04
3.403675970047651250e-04
1.918963294856830884e-04
3.403675970047651250e-04
0.000000000000000000e+00
3.403675970047651250e-04
3.403675970047651250e-04
3.403675970047651250e-04
2.269117313365101194e-04
0.000000000000000000e+00
0.000000000000000000e+00
0.000000000000000000e+00
1.701837985023825896e-04
3.403675970047651250e-04
1.701837985023825625e-04
3.403675970047651250e-04
0.000000000000000000e+00
8.101948631319556404e-04
3.403675970047651250e-04
3.403675970047651250e-04
3.403675970047651250e-04
3.403675970047651250e-04
3.403675970047651250e-04
3.403675970047651250e-04
3.403675970047651250e-04
3.403675970047651250e-04
2.552756977535738437e-04
1.953803834850297179e-04
8.509189925119128124e-05
2.836396641706376764e-04
3.403675970047651250e-04
3.403675970047651250e-04
3.403675970047651250e-04
3.403675970047651250e-04
3.403675970047651250e-04
1.701837985023825625e-04
3.403675970047651792e-04
2.269117313365101194e-04
3.403675970047651250e-04
1.898862802254117001e-04
3.403675970047651250e-04
3.403675970047651250e-04
1.141840866363258563e-03
3.403675970047652334e-04
3.403675970047651250e-04
2.269117313365101194e-04
3.403675970047651250e-04
6.807351940095302499e-04
3.403675970047651250e-04
3.403675970047651250e-04
3.403675970047651250e-04
1.701837985023825896e-04
2.269117313365101194e-04
3.403675970047651250e-04
3.403675970047651250e-04
3.403675970047651250e-04
3.403675970047651250e-04
4.084411164057181499e-03
3.403675970047651250e-04
0.000000000000000000e+00
3.063308373042886341e-03
4.140909031362203108e-04
3.403675970047651250e-04
3.403675970047651250e-04
3.403675970047651250e-04
5.019675224111222554e-04
1.701837985023825625e-04
6.191159124848033719e-04
3.403675970047651250e-04
7.828454731109598524e-03
7.423563375954103183e-05
0.000000000000000000e+00
4.369608825717611884e-04
3.403675970047650707e-04
3.403675970047651250e-04
6.807351940095302499e-04
6.807351940095302499e-04
3.056095425032839753e-04
3.056095425032839753e-04
0.000000000000000000e+00
3.403675970047651250e-04
2.269117313365101194e-04
4.747157005635292503e-05
3.403675970047650707e-04
0.000000000000000000e+00
2.269117313365101194e-04
3.403675970047651250e-04
1.054087819267548109e-03
2.269117313365101194e-04
0.000000000000000000e+00
3.403675970047651250e-04
3.403675970047651250e-04
3.403675970047651250e-04
2.269117313365101194e-04
0.000000000000000000e+00
2.917436545755129488e-04
3.403675970047651250e-04
3.403675970047651250e-04
1.701837985023825625e-04
2.917436545755129488e-04
3.403675970047651250e-04
3.403675970047651250e-04
2.269117313365101194e-04
3.403675970047651250e-04
3.403675970047651250e-04
2.431197121462607726e-04
3.403675970047651250e-04
3.403675970047651250e-04
2.836396641706375680e-04
3.403675970047651250e-04
3.403675970047651250e-04
3.618203108631866480e-04
3.403675970047651250e-04
0.000000000000000000e+00
3.403675970047651250e-04
3.622831834139057816e-04
2.722940776038120674e-04
3.403675970047651250e-04
3.666172034714323198e-04
5.516559713857123351e-05
3.403675970047651250e-04
3.403675970047651250e-04
3.403675970047651250e-04
3.403675970047651250e-04
1.701837985023825625e-04
6.807351940095302499e-04
3.403675970047651250e-04
3.094250881861501136e-04
1.021102791014295375e-03
0.000000000000000000e+00
5.824225560478200675e-04
3.403675970047651250e-04
3.403675970047651250e-04
4.765146358066712183e-03
3.403675970047651250e-04
3.403675970047651250e-04
0.000000000000000000e+00
2.552756977535738437e-04
2.722940776038120674e-04
3.403675970047651250e-04
0.000000000000000000e+00
3.403675970047651250e-04
3.403675970047651250e-04
4.353107371174709615e-04
3.217432048231326155e-04
3.403675970047651250e-04
3.403675970047651250e-04
3.403675970047651792e-04
3.826627468147198504e-04
2.067544633503923897e-04
3.403675970047651250e-04
2.431197121462607726e-04
1.361470388019060500e-03
3.403675970047651250e-04
3.403675970047651250e-04
0.000000000000000000e+00
3.403675970047651250e-04
3.403675970047651250e-04
3.403675970047651250e-04
0.000000000000000000e+00
3.403675970047651250e-04
3.403675970047651250e-04
3.403675970047651250e-04
3.403675970047651250e-04
3.403675970047651250e-04
0.000000000000000000e+00
8.495156512250430893e-04
3.150737268528766848e-04
0.000000000000000000e+00
0.000000000000000000e+00
3.403675970047651250e-04
3.403675970047652334e-04
3.403675970047651250e-04
2.661319632452241067e-04
3.403675970047651250e-04
3.403675970047651250e-04
2.042205582028590750e-03
3.403675970047651250e-04
3.403675970047651250e-04
3.403675970047651250e-04
3.403675970047651250e-04
3.403675970047651250e-04
6.704743121705624082e-04
2.226885560906212706e-04
1.134558656682550597e-04
3.403675970047651250e-04
3.913332832484688441e-04
3.666172034714323198e-04
3.403675970047651250e-04
4.016762290937295633e-04
0.000000000000000000e+00
3.403675970047651250e-04
6.807351940095302499e-04
1.701837985023825625e-03
6.807351940095302499e-04
1.291449771262252700e-03
3.403675970047651250e-04
2.552756977535738437e-04
3.774854138845356341e-04
3.403675970047651250e-04
3.403675970047651792e-04
3.403675970047651250e-04
3.403675970047651250e-04
5.445881552076241349e-04
3.403675970047651250e-03
3.403675970047651792e-04
3.403675970047651250e-04
3.403675970047651250e-04
3.403675970047651250e-04
3.403675970047651250e-04
3.403675970047651792e-04
3.403675970047651250e-04
3.403675970047651250e-04
3.403675970047651250e-04
3.403675970047651250e-04
3.403675970047650707e-04
3.403675970047651250e-04
3.403675970047651250e-04
6.807351940095302499e-04
3.403675970047651250e-04
2.269117313365101194e-04
0.000000000000000000e+00
3.403675970047651250e-04
3.403675970047651250e-04
3.403675970047651792e-04
3.622831834139057816e-04
6.807351940095302499e-04
3.970955298388926819e-04
4.616275755655603174e-04
3.403675970047651250e-04
3.403675970047650707e-04
3.403675970047651250e-04
3.403675970047651250e-04
6.807351940095302499e-04
3.403675970047651250e-04
3.622831834139057816e-04
3.403675970047651250e-04
6.807351940095302499e-04
2.042205582028590750e-03
3.403675970047651250e-04
3.403675970047651250e-04
3.575538659025680015e-04
4.140909031362203108e-04
3.403675970047651250e-04
3.403675970047651250e-04
1.512744875576733678e-04
3.403675970047651250e-04
2.862764390874870946e-04
3.056095425032839753e-04
0.000000000000000000e+00
3.403675970047651250e-04
3.403675970047652876e-04
4.140909031362203108e-04
3.403675970047651250e-04
3.403675970047651250e-04
6.916619535613928145e-04
3.403675970047651250e-04
2.227069012786231090e-04
1.021102791014295375e-03
3.403675970047651250e-04
3.403675970047651250e-04
7.060882053645211849e-04
3.403675970047651250e-04
3.403675970047651250e-04
3.403675970047651250e-04
1.134558656682550597e-04
2.750515096299450762e-04
3.403675970047651250e-04
2.862764390874870946e-04
3.403675970047651250e-04
3.403675970047651250e-04
2.920307328232191343e-04
3.403675970047651250e-04
1.021102791014295375e-03
2.042205582028590750e-03
3.403675970047651250e-04
3.081341275721208371e-04
8.509189925119128124e-05
6.556140322495343162e-04
1.701837985023825625e-04
0.000000000000000000e+00
3.403675970047651250e-04
3.403675970047651250e-04
6.598371307295743116e-03
3.403675970047651250e-04
3.403675970047651250e-04
3.403675970047651250e-04
6.807351940095302499e-04
3.403675970047651250e-04
2.269117313365101194e-04
3.403675970047651792e-04
0.000000000000000000e+00
2.431197121462607726e-04
3.403675970047651250e-04
3.403675970047651250e-03
0.000000000000000000e+00
1.985477649194463952e-04
7.986363615091158846e-05
3.666172034714323198e-04
3.403675970047651250e-04
3.206651152817359602e-04
0.000000000000000000e+00
3.403675970047651250e-04
3.666172034714323198e-04
2.042205582028590370e-04
1.701837985023825625e-04
1.134558656682550597e-04
3.403675970047651250e-04
3.403675970047651250e-04
3.403675970047651250e-04
3.403675970047651250e-04
3.403675970047651250e-04
3.403675970047651250e-04
3.403675970047651250e-04
2.722940776038120674e-04
3.403675970047651250e-04
8.161810785132871506e-04
3.403675970047651250e-04
1.953803834850297179e-04
3.403675970047651250e-04
2.401486683219080471e-04
1.953803834850297179e-04
3.403675970047651250e-04
0.000000000000000000e+00
2.836396641706376764e-04
3.403675970047651250e-04
1.276378488767869219e-04
3.403675970047651250e-04
8.509189925119128124e-05
3.403675970047651250e-04
3.403675970047651250e-04
4.356071679483067022e-04
6.807351940095302499e-04
2.042205582028590641e-04
3.403675970047651792e-04
3.403675970047651250e-04
2.269117313365101194e-04
3.403675970047651250e-04
0.000000000000000000e+00
2.269117313365101194e-04
3.403675970047651250e-04
3.403675970047651250e-04
6.807351940095302499e-04
3.403675970047652334e-04
3.403675970047651250e-04
3.403675970047651250e-04
0.000000000000000000e+00
0.000000000000000000e+00
6.807351940095302499e-04
1.134558656682550597e-04
2.688849968439545454e-04
0.000000000000000000e+00
3.120036305877015091e-04
3.403675970047651250e-04
2.184804412858806213e-04
0.000000000000000000e+00
0.000000000000000000e+00
2.269117313365101194e-04
3.403675970047651792e-04
3.403675970047651792e-04
3.403675970047651250e-04
3.575538659025680015e-04
3.403675970047650707e-04
2.803027269451007007e-04
0.000000000000000000e+00
3.403675970047651250e-04
3.403675970047651250e-04
7.787231427698607577e-04
3.403675970047651250e-04
3.403675970047651250e-04
8.486278949916339909e-04
3.403675970047651250e-04
3.403675970047651250e-04
3.403675970047651250e-04
3.403675970047651250e-04
0.000000000000000000e+00
3.403675970047651250e-04
3.403675970047652334e-04
2.722940776038120674e-04
3.403675970047651250e-04
0.000000000000000000e+00
0.000000000000000000e+00
3.403675970047651250e-04
0.000000000000000000e+00
1.701837985023825625e-03
3.403675970047651250e-04
3.403675970047651250e-04
3.403675970047651250e-04
1.701837985023825625e-03
3.403675970047651250e-04
3.403675970047651250e-04
3.403675970047651250e-04
3.403675970047651250e-04
4.433773437277655502e-04
3.403675970047651250e-04
3.403675970047651250e-04
3.403675970047651250e-04
6.807351940095302499e-04
1.021102791014295375e-03
2.431197121462607726e-04
6.807351940095302499e-04
0.000000000000000000e+00
3.403675970047651250e-04
1.021102791014295375e-03
2.431197121462608268e-04
3.403675970047651250e-04
2.127297481279782031e-04
3.403675970047651250e-04
3.403675970047651250e-04
1.021102791014295375e-03
3.403675970047651250e-04
3.056095425032839753e-04
3.403675970047651250e-04
3.403675970047651250e-04
3.403675970047651250e-04
3.403675970047651250e-04
1.134558656682550597e-04
3.403675970047651250e-04
4.636808113723303311e-04
3.403675970047651250e-04
4.173908732235932198e-04
3.403675970047651250e-04
3.403675970047651250e-04
4.070926903697626165e-04
1.021102791014295375e-03
3.403675970047651250e-04
2.269117313365101194e-04
2.722940776038120674e-04
0.000000000000000000e+00
6.194566049618310637e-04
2.042205582028590641e-04
3.141179905380979301e-04
2.836396641706377306e-04
3.403675970047651250e-04
2.227069012786231090e-04
3.403675970047651250e-04
3.403675970047651250e-04
6.807351940095302499e-03
3.056095425032839753e-04
3.403675970047651792e-04
0.000000000000000000e+00
2.227069012786231090e-04
0.000000000000000000e+00
3.403675970047651250e-04
3.403675970047651250e-04
2.902581326633365318e-04
3.403675970047651250e-04
2.836396641706376764e-04
3.403675970047651250e-04
4.368349005917857020e-04
6.807351940095302499e-04
3.403675970047651250e-04
3.403675970047651250e-04
2.165975617303050795e-04
0.000000000000000000e+00
3.403675970047651250e-04
1.054087819267548109e-03
3.403675970047651250e-04
3.744043567052416591e-03
0.000000000000000000e+00
3.403675970047651250e-04
1.898862802254117001e-04
3.575538659025680015e-04
2.226885560906212706e-04
2.672262673087454706e-04
3.749823660610372721e-04
4.140909031362203108e-04
3.403675970047651250e-04
3.403675970047651250e-04
2.584479551462707039e-02
2.042205582028590641e-04
3.913332832484688441e-04
0.000000000000000000e+00
1.180547494756067602e-03
1.361470388019060337e-04
2.227069012786231090e-04
2.184804412858806213e-04
2.431197121462607726e-04
1.033772316751961948e-04
3.403675970047651250e-04
0.000000000000000000e+00
3.056095425032839753e-04
3.403675970047651250e-04
3.403675970047651250e-04
3.622831834139057816e-04
3.403675970047651250e-04
3.403675970047651250e-04
1.361470388019060337e-04
3.744043567052416591e-03
1.134558656682550597e-04
2.109959949911727954e-04
2.269117313365101194e-04
3.403675970047651250e-04
2.836396641706375680e-04
3.403675970047651250e-04
3.403675970047651250e-04
3.403675970047651250e-04
1.701837985023825625e-04
3.403675970047651250e-04
2.086954366117966099e-04
1.701837985023825625e-04
0.000000000000000000e+00
3.403675970047651250e-04
8.660869813665674247e-05
3.403675970047651250e-04
1.701837985023825625e-04
1.134558656682550597e-04
1.701837985023825625e-04
0.000000000000000000e+00
1.021102791014295375e-03
3.403675970047651250e-04
2.382573179033356092e-03
3.403675970047651250e-04
3.403675970047651250e-04
3.403675970047651250e-04
3.403675970047651250e-04
3.403675970047651250e-04
3.403675970047651250e-04
0.000000000000000000e+00
3.403675970047651250e-04
3.403675970047651792e-04
2.127297481279782031e-04
3.403675970047651250e-04
3.403675970047651250e-04
1.361470388019060500e-03
2.127297481279782031e-04
3.978332446621779929e-04
3.403675970047651250e-04
3.403675970047651250e-04
3.403675970047651250e-04
3.094250881861501136e-04
2.127297481279782031e-04
1.134558656682550597e-04
0.000000000000000000e+00
3.795878289134791122e-04
3.403675970047651250e-04
3.403675970047651250e-04
1.458718272877564744e-04
2.661319632452241067e-04
3.403675970047651250e-04
3.403675970047651250e-04
2.269117313365101194e-04
1.701837985023825625e-04
6.807351940095302499e-04
3.403675970047651250e-04
2.431197121462608268e-04
1.575368634264383695e-04
3.403675970047651250e-04
3.591775153861286518e-04
2.954935983564654207e-04
2.127297481279782031e-04
3.403675970047651250e-04
3.403675970047651250e-04
0.000000000000000000e+00
3.964695209515165593e-04
3.706034989839416790e-04
3.403675970047651250e-04
2.750515096299450762e-04
1.701837985023825625e-04
4.140909031362203108e-04
3.403675970047651250e-04
3.403675970047651792e-04
3.403675970047651250e-04
3.403675970047651250e-04
3.403675970047651250e-04
3.403675970047652876e-04
0.000000000000000000e+00
3.403675970047651250e-04
3.403675970047651250e-04
2.269117313365101194e-04
3.403675970047651250e-04
3.403675970047651792e-04
3.403675970047651250e-04
3.403675970047651250e-04
3.329984854257799615e-04
3.403675970047651250e-04
2.269117313365101194e-04
3.964695209515165593e-04
3.403675970047651250e-04
3.403675970047652334e-04
3.403675970047651250e-04
3.403675970047651250e-04
0.000000000000000000e+00
1.953803834850297179e-04
1.512744875576733678e-04
1.203958903604118377e-03
2.042205582028590370e-04
3.403675970047651250e-04
3.403675970047651250e-04
1.210259550959701244e-03
0.000000000000000000e+00
3.403675970047651250e-04
3.403675970047651250e-04
3.403675970047651250e-04
3.403675970047650707e-04
3.403675970047651250e-04
9.724788485850431174e-05
3.403675970047651250e-04
3.403675970047651250e-04
5.174864080543693182e-04
3.403675970047651250e-04
3.403675970047651250e-04
5.118325108437089561e-04
3.403675970047651250e-04
3.403675970047651250e-04
1.985477649194463952e-04
3.826627468147198504e-04
2.552756977535738437e-04
0.000000000000000000e+00
3.964695209515165593e-04
3.403675970047651250e-03
2.552756977535738437e-04
3.666172034714323198e-04
1.701837985023825625e-04
3.403675970047651250e-04
3.403675970047651250e-04
3.403675970047651250e-04
3.403675970047651250e-04
1.701837985023825625e-04
3.403675970047651250e-04
0.000000000000000000e+00
3.403675970047651250e-04
3.403675970047651250e-04
3.403675970047652334e-04
3.403675970047651250e-04
1.021102791014295375e-03
0.000000000000000000e+00
5.445881552076241349e-04
3.403675970047651792e-04
0.000000000000000000e+00
3.403675970047651250e-04
3.403675970047651250e-04
3.403675970047651250e-04
3.403675970047651250e-04
0.000000000000000000e+00
3.403675970047651250e-04
1.701837985023825625e-03
2.109959949911727954e-04
2.431197121462608268e-04
4.140909031362203108e-04
3.095570252118251043e-04
0.000000000000000000e+00
3.403675970047651250e-04
2.226885560906212706e-04
2.842656730580135822e-04
2.552756977535738437e-04
3.403675970047651250e-04
1.361470388019060500e-03
3.403675970047651250e-04
2.401486683219080471e-04
3.403675970047651250e-04
3.403675970047651792e-04
1.701837985023825625e-04
3.403675970047652334e-04
5.614143758032714114e-04
2.269117313365101194e-04
0.000000000000000000e+00
3.403675970047651250e-04
3.403675970047651250e-04
3.403675970047651250e-04
2.226885560906212706e-04
0.000000000000000000e+00
1.938607061849765938e-03
3.403675970047651792e-04
3.403675970047651250e-04
3.403675970047651250e-04
3.403675970047651250e-04
2.269117313365101194e-04
3.403675970047651250e-04
3.403675970047651250e-04
3.403675970047651250e-04
3.403675970047651250e-04
1.361470388019060500e-03
2.722940776038120674e-04
0.000000000000000000e+00
3.403675970047651250e-04
3.403675970047651250e-04
3.403675970047651792e-04
3.403675970047651250e-04
3.403675970047651250e-04
3.403675970047651250e-04
2.269117313365101194e-04
0.000000000000000000e+00
6.807351940095302499e-04
2.917436545755129488e-04
2.269117313365101194e-04
3.403675970047651250e-04
3.403675970047651250e-04
3.403675970047651250e-04
3.403675970047651250e-04
3.403675970047651250e-04
3.403675970047651250e-04
3.403675970047651792e-04
0.000000000000000000e+00
1.985477649194463952e-04
3.403675970047651250e-04
4.202312331556767541e-04
3.403675970047651250e-04
3.403675970047651250e-04
0.000000000000000000e+00
3.403675970047651250e-04
6.678448419033339517e-04
1.701837985023825625e-04
1.701837985023825625e-04
3.403675970047651250e-04
3.403675970047651250e-04
3.403675970047651250e-04
3.403675970047651792e-04
2.226885560906212706e-04
3.094250881861501136e-04
4.084411164057181499e-03
3.403675970047651250e-04
1.701837985023825896e-04
3.403675970047651250e-04
3.403675970047651250e-04
2.431197121462607726e-04
3.403675970047651250e-04
3.403675970047651250e-04
3.403675970047651250e-04
3.403675970047651250e-04
1.918963294856830884e-04
2.127297481279782031e-04
3.403675970047651250e-04
3.403675970047651250e-04
3.403675970047651250e-04
3.403675970047651250e-04
2.269117313365101194e-04
5.401234416050782351e-04
3.403675970047651250e-04
3.403675970047651250e-04
3.403675970047651250e-04
3.403675970047651250e-04
2.836396641706376764e-04
3.403675970047651250e-04
2.269117313365101194e-04
3.403675970047651250e-04
3.591775153861286518e-04
3.403675970047651250e-04
2.552756977535738437e-04
3.403675970047651250e-04
3.403675970047651250e-04
3.403675970047651250e-04
1.701837985023825625e-04
1.701837985023825896e-04
3.403675970047651250e-04
0.000000000000000000e+00
3.239126251531651676e-04
3.403675970047651250e-04
3.403675970047651250e-04
3.403675970047651250e-04
3.403675970047651250e-04
3.403675970047651250e-04
6.807351940095302499e-03
3.403675970047651250e-04
3.403675970047651250e-04
3.403675970047651250e-04
3.094250881861501136e-04
3.403675970047651250e-04
3.403675970047651250e-04
3.403675970047651250e-04
3.403675970047651250e-04
3.403675970047651250e-04
3.403675970047651250e-04
3.964695209515165593e-04
3.403675970047651250e-04
2.750515096299450762e-04
3.403675970047651250e-04
3.403675970047651250e-04
3.403675970047651250e-04
6.807351940095302499e-04
6.807351940095302499e-04
1.316721603929685150e-04
3.403675970047651250e-04
1.021102791014295158e-03
1.953803834850297179e-04
0.000000000000000000e+00
3.403675970047651250e-04
3.403675970047651250e-04
0.000000000000000000e+00
3.403675970047651250e-04
0.000000000000000000e+00
3.403675970047651250e-04
1.701837985023825625e-03
3.403675970047651250e-04
3.403675970047651250e-04
3.403675970047651250e-04
3.403675970047651250e-04
3.403675970047651250e-04
3.403675970047651250e-04
3.403675970047651250e-03
3.403675970047651250e-04
3.403675970047651250e-04
3.403675970047651250e-04
3.403675970047651250e-04
0.000000000000000000e+00
2.269117313365100381e-04
3.403675970047651250e-04
6.807351940095302499e-04
3.403675970047651250e-04
2.127297481279782031e-04
2.722940776038120674e-04
3.403675970047651250e-04
3.403675970047651250e-04
3.403675970047651250e-04
3.403675970047651250e-04
0.000000000000000000e+00
3.403675970047651250e-04
1.021102791014295375e-03
0.000000000000000000e+00
3.403675970047651250e-04
3.403675970047651250e-04
0.000000000000000000e+00
3.403675970047651250e-04
3.403675970047651250e-04
3.403675970047651250e-04
3.403675970047651250e-04
3.403675970047651250e-04
2.269117313365101194e-04
3.403675970047651250e-04
3.403675970047651250e-04
2.917436545755129488e-04
3.403675970047651250e-04
3.403675970047651250e-04
3.403675970047651250e-04
2.382573179033356092e-03
3.403675970047651250e-04
3.403675970047651250e-04
3.403675970047651250e-04
4.156082553944418509e-04
3.403675970047651250e-04
5.971764698057873072e-04
1.701837985023825625e-04
3.403675970047651250e-04
3.403675970047651250e-04
3.403675970047651250e-04
3.403675970047651250e-04
0.000000000000000000e+00
5.019675224111222554e-04
1.361470388019060500e-03
3.403675970047651250e-04
3.403675970047651250e-04
3.403675970047651250e-04
3.403675970047651250e-04
2.552756977535738437e-04
2.269117313365101194e-04
1.597272723018231769e-04
1.021102791014295375e-03
5.174864080543693182e-04
6.807351940095302499e-04
3.403675970047651250e-04
8.495156512250430893e-04
3.403675970047651250e-04
3.403675970047651250e-04
3.403675970047651250e-04
3.403675970047651250e-04
3.403675970047651250e-04
3.135758972415285438e-04
1.701837985023825625e-04
3.403675970047651250e-04
3.403675970047651250e-04
2.842656730580135822e-04
3.575538659025680015e-04
2.401486683219080471e-04
5.542941759995882647e-04
0.000000000000000000e+00
3.403675970047651250e-04
1.021102791014295375e-03
3.403675970047651250e-04
3.403675970047651250e-04
6.807351940095302499e-04
1.134558656682550597e-04
3.403675970047651792e-04
3.403675970047651250e-04
1.217124833791527342e-04
2.978216473791694572e-04
3.403675970047651250e-04
3.056095425032839753e-04
6.807351940095302499e-04
0.000000000000000000e+00
3.403675970047651250e-04
3.403675970047651250e-04
3.403675970047651250e-04
3.403675970047651250e-04
2.226885560906212706e-04
1.828307335783267555e-04
3.403675970047651250e-04
2.722940776038121000e-03
3.403675970047651250e-04
3.403675970047651250e-04
2.552756977535738437e-04
3.403675970047651250e-04
3.403675970047651250e-04
0.000000000000000000e+00
3.403675970047651250e-04
5.854956230659886726e-04
3.403675970047651250e-04
3.403675970047651250e-04
3.403675970047651250e-04
3.403675970047651250e-04
0.000000000000000000e+00
0.000000000000000000e+00
6.173217368924759606e-04
5.174864080543693182e-04
6.807351940095302499e-04
3.198402593719573434e-04
1.361470388019060337e-04
3.403675970047651250e-04
3.403675970047651250e-04
3.403675970047651250e-04
2.269117313365101194e-04
2.978216473791694572e-04
1.701837985023825625e-04
3.403675970047651250e-04
1.134558656682550597e-04
3.964695209515165593e-04
1.021102791014295375e-03
3.403675970047651250e-04
3.403675970047651250e-04
3.403675970047651250e-04
3.403675970047651250e-04
5.266331555439633270e-04
3.403675970047651250e-04
2.722940776038121000e-03
3.403675970047651250e-04
3.403675970047651250e-04
2.431197121462607726e-04
3.403675970047651250e-04
8.509189925119128124e-05
3.403675970047651250e-04
3.403675970047651250e-04
3.403675970047651250e-04
3.056095425032839753e-04
3.403675970047651250e-04
0.000000000000000000e+00
3.403675970047651250e-04
3.403675970047651250e-04
1.361470388019060500e-03
6.807351940095302499e-04
3.403675970047651250e-04
4.370277877841768021e-04
2.431197121462607726e-04
3.403675970047651250e-04
3.403675970047651250e-04
2.382573179033356092e-03
3.403675970047651250e-04
3.403675970047651792e-04
3.403675970047651250e-04
6.807351940095302499e-04
3.534924002380986953e-04
5.174864080543693182e-04
3.403675970047651250e-04
3.403675970047651250e-04
2.840846561301884157e-04
2.917436545755129488e-04
2.784825793675351022e-04
1.701837985023825625e-04
3.403675970047651250e-04
4.140909031362203108e-04
2.431197121462607726e-04
3.403675970047651250e-04
3.403675970047651250e-04
2.269117313365101194e-04
3.403675970047651250e-04
3.403675970047651250e-04
2.269117313365101194e-04
3.611399558630683433e-04
3.403675970047651250e-04
3.403675970047651792e-04
3.403675970047651250e-04
3.403675970047651250e-04
1.002857391142296080e-03
0.000000000000000000e+00
3.403675970047651250e-04
3.403675970047651250e-04
1.285682038348489112e-03
3.403675970047651250e-04
1.701837985023825625e-04
1.701837985023825625e-04
0.000000000000000000e+00
3.403675970047650707e-04
3.403675970047651792e-04
3.403675970047651250e-04
3.403675970047651792e-04
3.403675970047651250e-04
3.403675970047651250e-04
1.897394671097869714e-03
3.107955509068345773e-04
3.403675970047651250e-04
3.403675970047651250e-04
4.433773437277655502e-04
3.403675970047651250e-04
3.403675970047651250e-04
1.643676304208872450e-03
3.403675970047651250e-04
6.807351940095302499e-04
3.403675970047651250e-04
3.403675970047651250e-04
3.403675970047651250e-04
2.431197121462607726e-04
3.575538659025680015e-04
0.000000000000000000e+00
0.000000000000000000e+00
3.403675970047651250e-04
3.403675970047651250e-04
2.431197121462608268e-04
3.403675970047651250e-04
0.000000000000000000e+00
0.000000000000000000e+00
3.403675970047651250e-04
3.403675970047651250e-04
2.042205582028590370e-04
8.486278949916339909e-04
6.598371307295743116e-03
1.701837985023825625e-03
1.550658475127942855e-04
1.985477649194463952e-04
3.403675970047651250e-04
1.985477649194463952e-04
3.217432048231326155e-04
3.403675970047651250e-04
1.701837985023825625e-04
3.403675970047651250e-04
3.622831834139057816e-04
5.720238450511234323e-04
3.403675970047651250e-04
6.807351940095302499e-04
1.701837985023825625e-04
0.000000000000000000e+00
3.913332832484688441e-04
3.403675970047651250e-04
2.552756977535738437e-04
3.403675970047651250e-04
3.403675970047651792e-04
1.701837985023825625e-04
2.917436545755129488e-04
3.403675970047651792e-04
6.807351940095302499e-04
4.538234626730202389e-04
3.826627468147198504e-04
3.403675970047651250e-04
3.403675970047651250e-04
3.666172034714323198e-04
3.403675970047652876e-04
1.361470388019060500e-03
2.784825793675351022e-04
1.361470388019060500e-03
3.964695209515165593e-04
5.672793283412752986e-05
2.803027269451007007e-04
1.002857391142296080e-03
3.403675970047651250e-04
2.269117313365101194e-04
3.403675970047651250e-04
5.490630336165618162e-04
3.403675970047651250e-04
3.403675970047651250e-04
0.000000000000000000e+00
2.750515096299450762e-04
3.403675970047651250e-04
2.431197121462607726e-04
1.276378488767869219e-04
5.922572770591092751e-04
2.269117313365101194e-04
3.403675970047651250e-04
3.403675970047651250e-04
2.269117313365101194e-04
3.403675970047651250e-04
4.908489137841184685e-04
3.403675970047651250e-04
3.403675970047651250e-04
3.403675970047651250e-04
3.403675970047651250e-04
3.403675970047651250e-04
4.173908732235932198e-04
2.552756977535738437e-04
3.403675970047651250e-04
1.458718272877564744e-04
3.403675970047651250e-04
8.509189925119128124e-05
2.382573179033356092e-03
6.807351940095302499e-03
3.403675970047651250e-04
3.403675970047651250e-04
3.403675970047650707e-04
3.403675970047651250e-04
2.552756977535738437e-04
0.000000000000000000e+00
1.361470388019060337e-04
3.403675970047651250e-04
2.552756977535738437e-04
1.890931094470917030e-04
5.672793283412752986e-05
3.403675970047651250e-04
3.403675970047651250e-03
3.403675970047651250e-04
3.403675970047651250e-04
3.959057736714126320e-04
3.403675970047651250e-04
3.403675970047651250e-04
3.403675970047651792e-04
3.403675970047651250e-04
3.403675970047651250e-04
3.403675970047651250e-04
1.701837985023825625e-04
3.403675970047651250e-04
3.403675970047651250e-04
3.403675970047651250e-04
3.403675970047651250e-04
3.403675970047651250e-04
3.403675970047651250e-04
2.431197121462607726e-04
3.403675970047651250e-04
2.978216473791694572e-04
2.722940776038120674e-04
3.403675970047651250e-03
1.701837985023825625e-04
8.495156512250430893e-04
1.701837985023825625e-04
3.403675970047651250e-04
3.403675970047651792e-04
1.250107679512835082e-04
3.403675970047651250e-04
3.403675970047651250e-04
3.403675970047651250e-04
2.780644360118491427e-04
1.953803834850297179e-04
1.250107679512835082e-04
3.403675970047651250e-04
2.995465663851499161e-04
3.403675970047651250e-04
3.403675970047651250e-04
1.550658475127942855e-04
3.403675970047651250e-04
3.403675970047651250e-04
1.316721603929685150e-04
3.403675970047651250e-04
3.403675970047651250e-04
3.403675970047651250e-04
0.000000000000000000e+00
2.269117313365101194e-04
3.403675970047651250e-04
5.971764698057873072e-04
3.403675970047651250e-04
3.403675970047651250e-04
3.056095425032839753e-04
3.403675970047650707e-04
0.000000000000000000e+00
3.403675970047651250e-04
3.403675970047651792e-04
0.000000000000000000e+00
1.701837985023825625e-04
3.534924002380986953e-04
2.269117313365101194e-04
2.401486683219080471e-04
1.953803834850297179e-04
3.403675970047651250e-04
3.403675970047651250e-04
3.403675970047651250e-04
3.403675970047651250e-04
8.509189925119128124e-05
1.134558656682550597e-04
3.403675970047651250e-04
3.403675970047651792e-04
1.361470388019060337e-04
1.701837985023825896e-04
0.000000000000000000e+00
2.917436545755129488e-04
3.403675970047651250e-04
3.403675970047651792e-04
0.000000000000000000e+00
6.473202004252431906e-04
3.403675970047651250e-04
4.697881630942471009e-04
3.403675970047651250e-04
2.128625867369997315e-03
2.269117313365101194e-04
3.403675970047651250e-04
3.403675970047652334e-04
3.403675970047651250e-04
3.403675970047651250e-04
3.403675970047651250e-04
1.125616720221982820e-03
4.530468601581894386e-04
2.127297481279782031e-04
2.552756977535738437e-04
3.094250881861501136e-04
3.189148831463435477e-04
4.747157005635292503e-05
6.807351940095302499e-04
3.403675970047651250e-04
0.000000000000000000e+00
3.403675970047651250e-04
3.179305976806151915e-04
3.403675970047651250e-04
2.269117313365101194e-04
2.042205582028590370e-04
3.403675970047651250e-04
3.403675970047651250e-04
3.852345476765642340e-04
0.000000000000000000e+00
3.403675970047651250e-04
1.701837985023825625e-04
3.611399558630681806e-04
3.403675970047651250e-04
3.403675970047651250e-04
0.000000000000000000e+00
5.490630336165618162e-04
1.316721603929685422e-04
5.654523419291657875e-04
3.403675970047651250e-04
3.403675970047651250e-04
3.403675970047651250e-04
3.403675970047651250e-04
3.080581820927742330e-04
1.575368634264383695e-04
1.701837985023825625e-04
2.431197121462608268e-04
4.419353209678228119e-04
3.403675970047651250e-04
1.701837985023825625e-04
3.403675970047651250e-04
2.269117313365101194e-04
5.989704231985172383e-04
3.403675970047651250e-04
3.403675970047651250e-04
3.403675970047651250e-04
3.403675970047651250e-04
2.042205582028590641e-04
3.403675970047651250e-04
0.000000000000000000e+00
3.403675970047651250e-04
3.403675970047651250e-04
2.803027269451007007e-04
3.403675970047651250e-04
5.991108010319497841e-04
3.403675970047652876e-04
3.403675970047651250e-04
3.575538659025680015e-04
3.403675970047651250e-04
3.094250881861501136e-04
1.701837985023825625e-04
2.431197121462607726e-04
2.722940776038120674e-04
0.000000000000000000e+00
2.722940776038120674e-04
1.701837985023825625e-04
3.403675970047651250e-04
3.403675970047651250e-04
2.269117313365101194e-04
3.403675970047651250e-04
3.403675970047651250e-04
2.836396641706376764e-04
3.403675970047651250e-04
3.403675970047651250e-04
3.403675970047651250e-04
2.042205582028590641e-04
3.403675970047651250e-04
3.403675970047651250e-04
3.403675970047651250e-04
3.403675970047651250e-04
2.661319632452241067e-04
3.403675970047651250e-04
3.403675970047651250e-04
5.797548142612795295e-04
3.403675970047651250e-04
0.000000000000000000e+00
3.403675970047651250e-04
1.361470388019060500e-03
3.403675970047651250e-04
2.722940776038120674e-04
3.403675970047651250e-04
3.403675970047651250e-04
5.105513955071477959e-04
0.000000000000000000e+00
3.403675970047651250e-04
3.403675970047651250e-04
1.944957697170086235e-04
3.403675970047651250e-04
3.403675970047651250e-04
4.356071679483067022e-04
1.054087819267548109e-03
3.403675970047651250e-04
3.403675970047651250e-04
3.403675970047651250e-04
2.954935983564654207e-04
4.765146358066711858e-04
3.403675970047651250e-04
3.403675970047651250e-04
0.000000000000000000e+00
2.127297481279782031e-04
3.403675970047651250e-04
3.009626335587067955e-04
4.140909031362203108e-04
5.425708146567290429e-04
3.403675970047651250e-04
3.403675970047651250e-04
3.403675970047651250e-04
0.000000000000000000e+00
3.403675970047651250e-04
3.403675970047651250e-04
1.694959791432778693e-03
1.701837985023825896e-04
2.269117313365101194e-04
1.054087819267548109e-03
2.431197121462607726e-04
3.403675970047651250e-04
0.000000000000000000e+00
2.109959949911727954e-04
3.403675970047651250e-04
3.403675970047651250e-04
0.000000000000000000e+00
2.552756977535738437e-04
2.269117313365101194e-04
9.099784624365604875e-04
0.000000000000000000e+00
5.918192653421755793e-04
3.403675970047651250e-04
1.701837985023825625e-04
1.426009999330969593e-04
3.403675970047651250e-04
2.042205582028590641e-04
3.403675970047651250e-04
5.974235244174037375e-04
3.403675970047651250e-03
6.807351940095302499e-04
3.403675970047651250e-04
1.361470388019060500e-03
2.552756977535738437e-04
3.403675970047651250e-04
0.000000000000000000e+00
3.403675970047651250e-04
3.403675970047651250e-04
3.403675970047651250e-04
5.601199318342015791e-04
3.403675970047651250e-04
3.403675970047651250e-04
5.300795110452896685e-04
1.701837985023825625e-04
2.552756977535738437e-04
0.000000000000000000e+00
4.236896830568835041e-04
1.918963294856830884e-04
2.610736928144617914e-04
0.000000000000000000e+00
2.651269386150883990e-04
3.403675970047651250e-04
1.134558656682550597e-04
4.369608825717611884e-04
4.222921148215397018e-04
3.403675970047651250e-04
2.269117313365101194e-04
3.217432048231326155e-04
0.000000000000000000e+00
3.403675970047651250e-04
2.269117313365101194e-04
3.403675970047651792e-04
1.701837985023825625e-04
0.000000000000000000e+00
5.174864080543693182e-04
3.403675970047651250e-04
3.403675970047651250e-04
3.403675970047651250e-04
4.156082553944418509e-04
2.722940776038120674e-04
0.000000000000000000e+00
3.403675970047651250e-04
2.269117313365101194e-04
3.403675970047651250e-04
6.807351940095302499e-04
3.657206083597560600e-04
8.660869813665674247e-05
2.587432040271846591e-04
7.100018268824018859e-04
3.403675970047651250e-04
0.000000000000000000e+00
3.403675970047651250e-04
3.403675970047651250e-04
3.403675970047651250e-04
3.403675970047651250e-04
3.403675970047651250e-04
5.991108010319497841e-04
3.403675970047651250e-04
2.803027269451007007e-04
3.403675970047651250e-04
3.403675970047651250e-04
3.403675970047651250e-04
0.000000000000000000e+00
3.403675970047651250e-04
2.840846561301884157e-04
3.403675970047651250e-04
1.701837985023825625e-04
3.818538990070457053e-04
1.701837985023825625e-04
3.403675970047651250e-04
3.403675970047651250e-04
3.403675970047651250e-03
3.032497801249946158e-04
0.000000000000000000e+00
3.403675970047651250e-04
5.445881552076241999e-03
3.403675970047651250e-04
7.967609348371988438e-04
0.000000000000000000e+00
3.141179905380979301e-04
2.042205582028590641e-04
3.959057736714126320e-04
1.134558656682550597e-04
3.403675970047651250e-04
3.403675970047651250e-04
3.403675970047651250e-04
3.403675970047651250e-04
6.807351940095302499e-04
1.134558656682550597e-04
3.403675970047651250e-04
3.403675970047651250e-04
0.000000000000000000e+00
2.917436545755129488e-04
3.403675970047651250e-04
3.403675970047651250e-04
3.403675970047651250e-04
3.403675970047651250e-04
3.403675970047651250e-04
1.701837985023825625e-04
6.807351940095302499e-04
1.276378488767869219e-04
3.403675970047651250e-04
0.000000000000000000e+00
2.109959949911727954e-04
0.000000000000000000e+00
3.568428058187333106e-04
1.176606957261420430e-04
2.431197121462608268e-04
3.403675970047651250e-04
3.403675970047651250e-04
3.403675970047651250e-04
1.426009999330969593e-04
5.854956230659886726e-04
3.403675970047651250e-04
3.403675970047651250e-04
2.269117313365101194e-04
2.127297481279782031e-04
3.403675970047651250e-04
3.403675970047651250e-04
1.701837985023825625e-04
3.403675970047651250e-04
3.403675970047651250e-04
3.403675970047651250e-04
5.154332247111237690e-04
3.403675970047651250e-04
2.917436545755129488e-04
3.403675970047651250e-04
3.403675970047651250e-04
3.403675970047651250e-04
1.361470388019060337e-04
3.403675970047651250e-04
0.000000000000000000e+00
3.403675970047651250e-04
2.917436545755129488e-04
3.403675970047650707e-04
0.000000000000000000e+00
3.403675970047651250e-04
4.173908732235932198e-04
2.379067407542609857e-04
3.403675970047651250e-04
2.722940776038120674e-04
2.862764390874870946e-04
1.701837985023825625e-04
3.403675970047651250e-04
3.403675970047651250e-04
3.403675970047651250e-04
3.403675970047651792e-04
6.807351940095302499e-04
3.403675970047651250e-04
3.403675970047651250e-04
2.917436545755129488e-04
2.750515096299450762e-04
3.403675970047651250e-04
0.000000000000000000e+00
3.403675970047651250e-04
0.000000000000000000e+00
1.226920597609057776e-03
2.978216473791694572e-04
3.403675970047651250e-04
2.269117313365101194e-04
3.403675970047651250e-04
3.403675970047651250e-04
3.403675970047651250e-04
3.403675970047651250e-04
3.403675970047651250e-04
1.021102791014295375e-03
1.701837985023825625e-04
3.403675970047651250e-04
5.614143758032714114e-04
3.403675970047651250e-04
3.403675970047651250e-04
3.403675970047651250e-04
3.403675970047651250e-04
3.403675970047651250e-04
3.403675970047651250e-04
3.403675970047651250e-04
3.403675970047651250e-04
3.403675970047651250e-04
3.403675970047651250e-04
3.403675970047651250e-04
0.000000000000000000e+00
3.403675970047651250e-04
3.403675970047652334e-04
1.953803834850297179e-04
0.000000000000000000e+00
3.403675970047651250e-04
4.140909031362203108e-04
3.774854138845356341e-04
1.134558656682550597e-04
3.403675970047652334e-04
3.403675970047651250e-04
3.403675970047651250e-04
3.403675970047651250e-04
3.403675970047651250e-04
3.403675970047651250e-04
7.071290996307507239e-04
3.217432048231326155e-04
1.134558656682550597e-04
3.403675970047651250e-04
3.403675970047651250e-04
3.403675970047651250e-04
3.403675970047651250e-04
5.442303419795797848e-04
3.056095425032839753e-04
4.140909031362203108e-04
3.403675970047651250e-04
3.964695209515165593e-04
3.403675970047651250e-04
1.953803834850297179e-04
3.403675970047651250e-04
0.000000000000000000e+00
3.403675970047651250e-04
1.701837985023825625e-03
3.403675970047651250e-04
3.403675970047651250e-04
3.622831834139057816e-04
5.118325108437089561e-04
3.403675970047651250e-04
3.403675970047651250e-04
3.575538659025680015e-04
3.403675970047651250e-04
3.403675970047651250e-04
3.403675970047651250e-04
3.403675970047651250e-04
4.140909031362203108e-04
1.708293535390115756e-03
0.000000000000000000e+00
3.403675970047652334e-04
3.403675970047651250e-04
2.226885560906212706e-04
3.403675970047651250e-04
3.403675970047651250e-04
0.000000000000000000e+00
3.622831834139057816e-04
3.403675970047651250e-04
3.403675970047651250e-04
3.403675970047651250e-04
3.403675970047651250e-04
3.403675970047652876e-04
1.701837985023825625e-04
1.701837985023825625e-04
0.000000000000000000e+00
0.000000000000000000e+00
3.403675970047651250e-04
3.403675970047651250e-04
6.121855698314218565e-04
3.403675970047651250e-04
6.807351940095302499e-04
3.403675970047651250e-04
5.782743377590260836e-04
3.403675970047651250e-04
3.403675970047651250e-04
3.403675970047651250e-04
3.403675970047651250e-04
3.403675970047651250e-04
8.509189925119128124e-05
3.403675970047651250e-04
1.701837985023825625e-04
3.891078928271155977e-04
0.000000000000000000e+00
1.007766885520303596e-04
3.094250881861501136e-04
3.403675970047651250e-04
3.403675970047651250e-04
5.232279011846432092e-04
3.403675970047651250e-04
3.666172034714323198e-04
3.403675970047651250e-04
2.127297481279782031e-04
2.269117313365101194e-04
3.706034989839416790e-04
3.403675970047651250e-04
2.548047471073878589e-04
3.403675970047651250e-04
3.403675970047650707e-04
3.403675970047651792e-04
3.403675970047651250e-04
3.403675970047651250e-04
2.917436545755129488e-04
2.722940776038120674e-04
3.403675970047651250e-04
2.760560612800847945e-04
2.226885560906212706e-04
3.403675970047651250e-04
3.403675970047651250e-04
3.403675970047651792e-04
3.403675970047651250e-04
0.000000000000000000e+00
3.403675970047651250e-04
0.000000000000000000e+00
2.784825793675351022e-04
6.688303020479460402e-04
3.726374026607196443e-04
2.506195997081657164e-04
2.127830755755729525e-03
2.552756977535738437e-04
3.403675970047651250e-04
0.000000000000000000e+00
3.403675970047651250e-04
2.836396641706376764e-04
3.403675970047651250e-04
3.403675970047651250e-04
2.226885560906212706e-04
6.807351940095302499e-04
0.000000000000000000e+00
3.403675970047651250e-04
3.403675970047651250e-04
3.403675970047651250e-04
2.645389273174623274e-04
0.000000000000000000e+00
3.403675970047651250e-04
2.269117313365101194e-04
0.000000000000000000e+00
3.403675970047651250e-04
3.403675970047651250e-04
3.403675970047651250e-04
3.403675970047651250e-04
4.368349005917857020e-04
3.403675970047651250e-04
3.403675970047651250e-04
3.403675970047651250e-04
3.403675970047651250e-04
3.403675970047651250e-04
3.403675970047651250e-04
8.678858093193913322e-04
3.403675970047651250e-04
3.403675970047651250e-04
3.403675970047651250e-04
3.403675970047651250e-04
0.000000000000000000e+00
0.000000000000000000e+00
1.134558656682550597e-04
3.403675970047650707e-04
0.000000000000000000e+00
6.807351940095302499e-04
2.784825793675351022e-04
3.403675970047651250e-04
3.403675970047651250e-04
2.552756977535738437e-04
3.403675970047651250e-04
3.403675970047650707e-04
3.403675970047651250e-04
3.403675970047651250e-04
3.403675970047651250e-04
1.701837985023825625e-03
3.666172034714323198e-04
6.807351940095302499e-04
3.403675970047651250e-04
3.403675970047651250e-04
3.403675970047651250e-04
3.403675970047651250e-04
4.747157005635292503e-05
0.000000000000000000e+00
2.042205582028590641e-04
3.403675970047651250e-04
3.403675970047651250e-04
3.403675970047651250e-04
3.403675970047651250e-04
3.403675970047651250e-04
1.134558656682550597e-04
1.701837985023825625e-04
3.403675970047651250e-04
1.701837985023825625e-04
3.403675970047651250e-04
3.403675970047651250e-04
2.917436545755129488e-04
3.094250881861501136e-04
2.431197121462608268e-04
3.403675970047651250e-04
3.403675970047651250e-04
4.318900544493949035e-04
3.403675970047651250e-04
3.403675970047651250e-04
3.403675970047651250e-04
3.403675970047650707e-04
3.403675970047651250e-04
0.000000000000000000e+00
3.403675970047650707e-04
3.403675970047651250e-04
8.509189925119128124e-05
3.403675970047651250e-04
3.403675970047651250e-04
7.465030067103234097e-04
0.000000000000000000e+00
6.121855698314218565e-04
3.826627468147198504e-04
3.403675970047651250e-04
3.403675970047651250e-04
3.403675970047651250e-04
0.000000000000000000e+00
5.906523480933266197e-04
3.403675970047651250e-04
3.591775153861286518e-04
0.000000000000000000e+00
3.403675970047651250e-04
3.403675970047651250e-04
3.403675970047651250e-04
3.403675970047651250e-04
8.101948631319556404e-04
2.552756977535738437e-04
3.403675970047651250e-04
1.701837985023825625e-04
3.403675970047651250e-04
6.121855698314218565e-04
0.000000000000000000e+00
0.000000000000000000e+00
3.403675970047651250e-04
3.403675970047651250e-04
3.403675970047651250e-04
5.490630336165618162e-04
3.666172034714323198e-04
3.403675970047651250e-04
1.701837985023825625e-04
3.403675970047651250e-04
3.403675970047651250e-04
3.403675970047651250e-04
3.403675970047651250e-04
3.403675970047651250e-04
2.552756977535738437e-04
3.403675970047651250e-04
0.000000000000000000e+00
0.000000000000000000e+00
3.403675970047651250e-04
3.403675970047651250e-04
0.000000000000000000e+00
3.403675970047651250e-04
3.403675970047651250e-04
3.403675970047651250e-04
2.661319632452241067e-04
3.403675970047651250e-04
3.403675970047651250e-03
3.403675970047651250e-04
0.000000000000000000e+00
3.403675970047651250e-04
8.339884956845902957e-04
3.403675970047651250e-04
2.803027269451007007e-04
0.000000000000000000e+00
3.230767018898811176e-04
3.403675970047651250e-04
3.403675970047651792e-04
0.000000000000000000e+00
3.403675970047651250e-04
3.403675970047651250e-04
2.269117313365101194e-04
3.403675970047651250e-04
3.403675970047651250e-04
5.956432947583389145e-04
0.000000000000000000e+00
2.431197121462608268e-04
3.403675970047651250e-04
6.807351940095302499e-04
3.403675970047651250e-04
3.056095425032839753e-04
2.053064591311799228e-04
3.403675970047651250e-04
2.496029044701610663e-04
3.403675970047651250e-04
3.403675970047651250e-04
3.403675970047651250e-03
3.403675970047651792e-04
3.403675970047651250e-04
4.140909031362203108e-04
3.403675970047651250e-04
3.056095425032839753e-04
2.431197121462607726e-04
3.403675970047651250e-04
3.403675970047651250e-04
1.021102791014295375e-03
6.807351940095302499e-04
1.701837985023825625e-04
3.403675970047651250e-04
3.773556850911381245e-04
3.403675970047651250e-04
2.269117313365101194e-04
3.403675970047651250e-04
2.269117313365101194e-04
1.336131336543727353e-04
3.403675970047651250e-04
1.944957697170086235e-04
2.570455109526466374e-04
3.403675970047651250e-04
2.042205582028590641e-04
3.403675970047651250e-04
3.403675970047651250e-04
3.403675970047651250e-04
2.917436545755129488e-04
3.403675970047651250e-04
3.403675970047651250e-04
0.000000000000000000e+00
3.403675970047651250e-04
8.509189925119128124e-05
3.403675970047651250e-04
8.978820124135190178e-04
2.431197121462607726e-04
2.552756977535738437e-04
1.701837985023825625e-04
3.403675970047651250e-04
0.000000000000000000e+00
3.403675970047651250e-04
1.134558656682550597e-04
3.403675970047651250e-04
3.403675970047651250e-04
3.403675970047651250e-04
2.042205582028590641e-04
3.403675970047651250e-04
3.744043567052416591e-03
0.000000000000000000e+00
3.403675970047651250e-04
3.403675970047651250e-04
1.701837985023825625e-04
3.403675970047651250e-04
3.056095425032839753e-04
3.403675970047651250e-04
1.021102791014295375e-03
3.403675970047651250e-04
3.403675970047651250e-04
3.403675970047651250e-04
0.000000000000000000e+00
3.403675970047651250e-04
3.403675970047651250e-04
3.403675970047651250e-04
1.918963294856830884e-04
3.403675970047651792e-04
3.403675970047651792e-04
3.829135466303607927e-04
3.403675970047651250e-04
3.403675970047651250e-04
3.403675970047651250e-04
3.025489751153467898e-04
3.403675970047651250e-04
3.403675970047651250e-04
5.672793283412752986e-05
3.403675970047651250e-04
2.917436545755129488e-04
7.651994866412873157e-04
1.701837985023825625e-04
3.403675970047650707e-04
1.134558656682550597e-04
3.403675970047651250e-04
3.403675970047651250e-04
2.226885560906212706e-04
3.403675970047651250e-04
3.403675970047651250e-04
6.889187495157220089e-04
9.954896314386123442e-04
0.000000000000000000e+00
3.403675970047651250e-04
3.403675970047651250e-04
3.534924002380986953e-04
3.403675970047651792e-04
1.701837985023825625e-04
6.807351940095302499e-04
3.205915585370506019e-04
3.403675970047651250e-04
3.403675970047651250e-04
2.722940776038120674e-04
0.000000000000000000e+00
6.807351940095302499e-04
3.403675970047651250e-04
3.403675970047651250e-04
0.000000000000000000e+00
6.807351940095302499e-04
3.403675970047651250e-04
3.403675970047651250e-04
2.836396641706376764e-04
0.000000000000000000e+00
5.516559713857123351e-05
3.403675970047651250e-04
3.403675970047651250e-04
2.360198786988668336e-04
3.403675970047652876e-04
1.701837985023825896e-04
3.403675970047651250e-04
3.403675970047651250e-04
0.000000000000000000e+00
3.403675970047651250e-04
3.403675970047651250e-04
3.403675970047651792e-04
0.000000000000000000e+00
3.403675970047652334e-04
3.009626335587067955e-04
3.403675970047651250e-04
3.403675970047651250e-04
3.403675970047651250e-04
1.832748599256427721e-04
0.000000000000000000e+00
1.021102791014295375e-03
3.150737268528766848e-04
2.552756977535738437e-04
3.403675970047651250e-04
6.807351940095302499e-04
4.272709231204791392e-04
3.526807203303586932e-04
3.403675970047651250e-04
2.269117313365101194e-04
3.403675970047651250e-04
3.403675970047651250e-04
2.431197121462607726e-04
2.716164507938455806e-04
3.403675970047651250e-04
3.403675970047651250e-04
3.531428783504306115e-04
4.156082553944418509e-04
3.403675970047651792e-04
0.000000000000000000e+00
3.403675970047651250e-04
0.000000000000000000e+00
3.403675970047651250e-04
3.403675970047651250e-04
3.891078928271155977e-04
5.266331555439633270e-04
3.403675970047651250e-04
3.403675970047651250e-04
3.403675970047651250e-04
4.686061657983517110e-04
3.403675970047651250e-04
3.217432048231326155e-04
4.173908732235932198e-04
2.127297481279782031e-04
3.403675970047651250e-04
3.403675970047651250e-04
3.403675970047651250e-04
1.701837985023825625e-04
3.403675970047651250e-04
3.403675970047651250e-04
2.722940776038120674e-04
2.431197121462608268e-04
1.361470388019060500e-03
2.552756977535738437e-04
2.750515096299450762e-04
3.403675970047651250e-04
3.403675970047651250e-04
1.203958903604118377e-03
3.403675970047650707e-04
3.403675970047651250e-04
3.403675970047651250e-04
2.917436545755129488e-04
3.217432048231326155e-04
3.403675970047651250e-04
1.701837985023825625e-04
3.403675970047651250e-04
8.509189925119128124e-05
2.269117313365101194e-04
3.403675970047651792e-04
3.403675970047651250e-04
3.403675970047651250e-04
3.403675970047651250e-04
3.403675970047651250e-04
3.403675970047651250e-04
3.403675970047651250e-04
3.403675970047651250e-04
3.403675970047650707e-04
3.534924002380986953e-04
2.917436545755129488e-04
3.403675970047651250e-04
3.403675970047651250e-04
2.269117313365101194e-04
3.403675970047651250e-04
3.403675970047651250e-04
0.000000000000000000e+00
3.403675970047651250e-04
3.403675970047651250e-04
2.127297481279782031e-04
6.807351940095302499e-04
5.198635915979639421e-04
2.552756977535738437e-04
3.403675970047651250e-04
0.000000000000000000e+00
3.403675970047651250e-04
3.403675970047651250e-04
0.000000000000000000e+00
3.403675970047651250e-04
2.269117313365101194e-04
3.403675970047651250e-04
1.897394671097869714e-03
4.140909031362203108e-04
3.150737268528767390e-04
1.701837985023825625e-03
1.701837985023825625e-04
3.403675970047651250e-04
1.701837985023825625e-03
0.000000000000000000e+00
2.119591047232068125e-04
3.403675970047651250e-04
3.403675970047651250e-04
2.431197121462607726e-04
3.403675970047651250e-04
3.403675970047651250e-04
0.000000000000000000e+00
3.403675970047651250e-04
1.701837985023825625e-04
2.651269386150883990e-04
3.403675970047651250e-04
0.000000000000000000e+00
5.174864080543693182e-04
3.403675970047651250e-04
6.807351940095302499e-04
1.285682038348489112e-03
8.498248476266640622e-04
0.000000000000000000e+00
2.605039608538534958e-04
0.000000000000000000e+00
3.403675970047651250e-04
0.000000000000000000e+00
3.403675970047651250e-04
8.509189925119128124e-05
2.651269386150883990e-04
4.747157005635292503e-05
1.701837985023825625e-04
3.403675970047651250e-04
3.403675970047651250e-03
3.403675970047651250e-04
3.403675970047651250e-04
2.552756977535738437e-04
3.403675970047651250e-04
3.403675970047651250e-04
3.403675970047651250e-04
3.403675970047651250e-04
3.403675970047651250e-04
2.722940776038120674e-04
0.000000000000000000e+00
3.403675970047651250e-04
3.403675970047651250e-04
2.552756977535738437e-04
6.807351940095301686e-05
3.889915394340173012e-04
2.042205582028590370e-04
0.000000000000000000e+00
3.403675970047651250e-04
3.403675970047651250e-04
2.269117313365101194e-04
1.134558656682550597e-04
3.403675970047651250e-04
1.701837985023825625e-03
3.403675970047651250e-04
3.403675970047651250e-04
0.000000000000000000e+00
6.807351940095302499e-04
2.401486683219080471e-04
1.701837985023825625e-04
3.403675970047651250e-04
3.403675970047651250e-04
1.701837985023825625e-04
1.701837985023825625e-04
1.361470388019060337e-04
3.403675970047651250e-04
3.403675970047651250e-04
2.552756977535738437e-04
3.403675970047651250e-04
1.701837985023825625e-04
3.403675970047651250e-04
5.601199318342015791e-04
0.000000000000000000e+00
4.055114533959430778e-04
3.403675970047651250e-04
6.678448419033339517e-04
2.109959949911727954e-04
3.403675970047651250e-04
3.403675970047651250e-04
2.269117313365101194e-04
3.403675970047651250e-04
3.403675970047651250e-04
3.591775153861286518e-04
3.403675970047651250e-04
0.000000000000000000e+00
3.094250881861501136e-04
3.403675970047651250e-04
3.403675970047651250e-04
3.964695209515165593e-04
9.724788485850431174e-05
3.403675970047651250e-04
3.403675970047651250e-04
0.000000000000000000e+00
3.403675970047651250e-04
0.000000000000000000e+00
1.134558656682550597e-04
3.403675970047651792e-04
3.403675970047651250e-04
5.401814864596512448e-04
3.403675970047651250e-04
3.403675970047651250e-04
3.403675970047651250e-04
3.403675970047651250e-04
2.269117313365100381e-04
0.000000000000000000e+00
3.403675970047651250e-04
2.269117313365101194e-04
2.269117313365101194e-04
3.403675970047651250e-04
3.403675970047651250e-04
2.431197121462607726e-04
1.701837985023825625e-04
3.403675970047651250e-04
3.403675970047651250e-04
6.807351940095302499e-04
3.403675970047651250e-04
3.575538659025680015e-04
1.751561263704499646e-03
2.836396641706377306e-04
3.403675970047651250e-04
3.403675970047651250e-04
3.403675970047651250e-04
3.403675970047651250e-04
3.403675970047651250e-04
0.000000000000000000e+00
3.403675970047651250e-04
0.000000000000000000e+00
3.403675970047651250e-04
1.701837985023825625e-03
1.181304696186653212e-04
4.508275370215637724e-04
2.902581326633365318e-04
3.403675970047651250e-04
1.021102791014295375e-03
3.403675970047651250e-04
3.403675970047651250e-04
2.127297481279782031e-04
3.403675970047651250e-04
3.403675970047651250e-04
3.403675970047651250e-04
3.403675970047651250e-04
0.000000000000000000e+00
3.403675970047651250e-04
3.403675970047651250e-04
2.269117313365101194e-04
1.701837985023825625e-04
3.403675970047651250e-04
3.403675970047651250e-04
2.269117313365100652e-04
2.269117313365101194e-04
3.403675970047651792e-04
2.042205582028590370e-04
0.000000000000000000e+00
2.978216473791694572e-04
3.403675970047651250e-04
3.666172034714323198e-04
5.401814864596512448e-04
3.403675970047651250e-04
3.403675970047651250e-04
3.403675970047651250e-04
3.403675970047651250e-04
3.403675970047651250e-04
0.000000000000000000e+00
3.403675970047651250e-04
3.403675970047651250e-04
3.403675970047651250e-04
3.403675970047651250e-04
3.403675970047651250e-04
0.000000000000000000e+00
1.897394671097869714e-03
3.403675970047651250e-04
4.747157005635292503e-05
3.403675970047651250e-04
3.403675970047651250e-04
3.403675970047651250e-04
3.403675970047651250e-04
3.403675970047651250e-04
3.403675970047651250e-04
4.140909031362203108e-04
3.403675970047651250e-04
3.403675970047651250e-04
2.269117313365101194e-04
6.916619535613928145e-04
1.701837985023825625e-04
0.000000000000000000e+00
4.368349005917857020e-04
0.000000000000000000e+00
2.269117313365101194e-04
3.403675970047651250e-04
2.784825793675351022e-04
1.944957697170086235e-04
1.276378488767869219e-04
2.269117313365101194e-04
3.403675970047651250e-04
2.236831704976912619e-04
3.403675970047651250e-04
0.000000000000000000e+00
3.403675970047651250e-04
3.094250881861501136e-04
0.000000000000000000e+00
0.000000000000000000e+00
3.403675970047651250e-04
4.908489137841184685e-04
3.403675970047651250e-04
3.403675970047651250e-04
3.403675970047651250e-04
3.403675970047651250e-04
1.054087819267548109e-03
0.000000000000000000e+00
2.917436545755129488e-04
2.269117313365101194e-04
1.458718272877564744e-04
3.403675970047651250e-04
3.403675970047651250e-04
1.021102791014295375e-03
4.140909031362203108e-04
3.403675970047651250e-04
3.403675970047651250e-04
3.403675970047651250e-04
1.458718272877564744e-04
0.000000000000000000e+00
3.403675970047651250e-04
3.403675970047651250e-04
3.403675970047651250e-04
3.403675970047651250e-04
3.403675970047651250e-04
0.000000000000000000e+00
3.403675970047651250e-04
4.747157005635292503e-05
1.134558656682550597e-04
3.403675970047651250e-04
3.403675970047651250e-04
3.403675970047651250e-04
2.917436545755129488e-04
3.403675970047651250e-04
2.803027269451007007e-04
2.552756977535738437e-04
2.004378573657139930e-04
2.360198786988668336e-04
0.000000000000000000e+00
8.498248476266640622e-04
2.552756977535738437e-04
0.000000000000000000e+00
1.701837985023825625e-04
3.666172034714323198e-04
1.701837985023825625e-04
1.701837985023825625e-04
0.000000000000000000e+00
3.403675970047651250e-04
0.000000000000000000e+00
3.403675970047651250e-04
3.403675970047651250e-04
2.227069012786231090e-04
3.403675970047651250e-04
3.403675970047651250e-04
3.403675970047651250e-04
3.403675970047651250e-04
2.269117313365101194e-04
3.403675970047651250e-04
1.701837985023825625e-04
3.403675970047651250e-04
1.458718272877564744e-04
3.403675970047651250e-04
4.140909031362203108e-04
1.021102791014295375e-03
3.591775153861286518e-04
2.722940776038120674e-04
8.839789903143851829e-04
5.174864080543693182e-04
5.971764698057873072e-04
2.269117313365101194e-04
3.403675970047651250e-04
2.109959949911727954e-04
0.000000000000000000e+00
2.269117313365101194e-04
3.403675970047651250e-04
1.953803834850297179e-04
1.701837985023825625e-04
3.403675970047651250e-04
3.403675970047651250e-04
6.807351940095301686e-05
2.862764390874870946e-04
1.361470388019060337e-04
3.332166923852911936e-04
4.863480034712995819e-04
3.403675970047651250e-04
3.403675970047651250e-04
3.403675970047651250e-04
3.403675970047651250e-04
5.672793283412752986e-05
3.403675970047651250e-04
3.403675970047650707e-04
3.403675970047651250e-04
3.403675970047651792e-04
8.260414797796641461e-04
3.403675970047651250e-04
3.403675970047651250e-04
1.316721603929685422e-04
3.773556850911381245e-04
3.403675970047651250e-04
3.403675970047651250e-04
3.007206449096133769e-04
1.575368634264383695e-04
3.403675970047651250e-04
3.403675970047651250e-04
3.403675970047651250e-04
1.361470388019060337e-04
1.701837985023825625e-04
3.403675970047651250e-04
2.269117313365100381e-04
3.403675970047651250e-04
3.591775153861286518e-04
3.403675970047651250e-04
3.403675970047651250e-04
3.403675970047651250e-04
0.000000000000000000e+00
6.121855698314218565e-04
0.000000000000000000e+00
0.000000000000000000e+00
2.269117313365101194e-04
2.360198786988668336e-04
3.526807203303586932e-04
0.000000000000000000e+00
3.403675970047651250e-04
6.807351940095302499e-04
3.403675970047651250e-04
2.431197121462607726e-04
3.403675970047651250e-04
3.403675970047651250e-04
3.403675970047651250e-04
5.401234416050782351e-04
0.000000000000000000e+00
3.403675970047651250e-04
1.828307335783267555e-04
2.842656730580135822e-04
3.403675970047651250e-04
3.403675970047651250e-04
3.403675970047651250e-04
3.403675970047651250e-04
2.722940776038120674e-04
3.403675970047651250e-04
2.269117313365101194e-04
2.269117313365101194e-04
2.803027269451007007e-04
2.917436545755129488e-04
0.000000000000000000e+00
6.807351940095302499e-04
3.025489751153467898e-04
3.403675970047651250e-04
3.403675970047651250e-04
6.807351940095302499e-04
0.000000000000000000e+00
2.127297481279782031e-04
3.403675970047651250e-04
0.000000000000000000e+00
3.403675970047651792e-04
3.403675970047651250e-04
6.807351940095302499e-04
3.403675970047651250e-04
3.403675970047651250e-04
5.654523419291657875e-04
2.431197121462607726e-04
2.803027269451007007e-04
2.836396641706376764e-04
3.403675970047651250e-04
1.134558656682550597e-04
0.000000000000000000e+00
3.403675970047651250e-04
1.291449771262252700e-03
3.403675970047651250e-04
3.403675970047651250e-04
1.985477649194463952e-04
0.000000000000000000e+00
0.000000000000000000e+00
3.403675970047651250e-04
3.403675970047651250e-04
2.768692061748329112e-04
3.403675970047651250e-04
4.084411164057181499e-03
