2.394636015325670375e-04
7.183908045977011395e-03
1.596424010217113764e-04
1.035642340262351311e-03
3.192848020434226443e-04
9.578544061302681498e-04
9.578544061302681498e-04
9.578544061302681498e-04
9.578544061302681498e-04
5.747126436781609116e-03
5.180007574345330771e-04
4.310344827586206837e-03
9.578544061302681498e-04
1.197318007662835187e-04
4.789272030651340749e-04
1.486604826424272208e-03
9.578544061302681498e-04
4.789272030651340749e-04
4.789272030651341291e-04
4.789272030651340749e-04
9.578544061302681498e-04
4.789272030651340749e-04
5.268199233716475312e-03
9.578544061302681498e-04
4.789272030651340749e-04
9.578544061302681498e-04
4.789272030651340749e-04
9.578544061302681498e-04
6.226053639846742919e-03
4.789272030651340749e-04
1.915708812260536300e-03
1.596424010217113764e-04
2.827616344722033172e-04
9.578544061302681498e-04
4.789272030651340749e-04
4.829402915992448125e-04
1.596424010217113764e-04
4.789272030651340749e-04
9.578544061302681498e-04
1.436781609195402279e-03
9.578544061302680956e-05
4.789272030651340749e-04
3.192848020434227527e-04
0.000000000000000000e+00
0.000000000000000000e+00
9.578544061302681498e-04
0.000000000000000000e+00
1.036690742199793212e-03
1.187230996225536230e-04
2.893829325081758493e-04
3.961477193382649661e-04
9.578544061302681498e-04
2.394636015325670375e-04
4.789272030651340749e-04
4.673735217092883859e-04
4.310344827586206837e-03
1.187230996225536230e-04
2.394636015325670375e-04
9.578544061302681498e-04
1.915708812260536191e-04
3.999868522243505667e-04
9.578544061302681498e-04
1.915708812260536256e-02
9.578544061302681498e-04
3.591954022988505697e-04
1.267965279814211102e-03
9.578544061302681498e-04
9.578544061302681498e-04
1.187230996225536230e-04
4.298863298904716940e-04
9.578544061302681498e-04
9.578544061302681498e-04
9.578544061302681498e-04
9.578544061302681498e-04
9.578544061302681498e-04
9.578544061302681498e-04
4.789272030651340749e-04
9.578544061302681498e-04
6.704980842911877591e-03
8.141762452107279002e-03
9.578544061302681498e-04
9.578544061302681498e-04
4.789272030651340749e-04
3.977013451820884038e-04
4.789272030651340749e-04
3.439196800696990531e-04
9.578544061302681498e-04
3.192848020434227527e-04
9.578544061302681498e-04
0.000000000000000000e+00
7.725800731635337499e-04
4.789272030651340749e-04
3.192848020434227527e-04
1.532567049808429040e-02
3.831417624521072599e-03
2.394636015325670375e-04
2.893829325081758493e-04
9.578544061302681498e-04
1.963845110295392102e-04
0.000000000000000000e+00
4.789272030651340749e-04
0.000000000000000000e+00
1.596424010217113764e-04
3.352490421455938795e-03
9.578544061302681498e-04
3.192848020434227527e-04
1.035642340262351311e-03
0.000000000000000000e+00
7.114556081561032195e-04
4.789272030651341291e-04
9.578544061302681498e-04
4.789272030651340749e-04
9.578544061302681498e-04
4.789272030651340749e-04
9.578544061302681498e-04
4.433364987996895527e-04
1.131149975808853041e-04
0.000000000000000000e+00
9.578544061302681498e-04
4.789272030651341291e-04
0.000000000000000000e+00
5.400300919817403039e-04
0.000000000000000000e+00
0.000000000000000000e+00
3.082896697655400147e-04
1.436781609195402279e-03
7.281489783830157395e-04
1.436781609195402279e-03
3.876819329925374662e-04
3.192848020434227527e-04
0.000000000000000000e+00
7.183908045977011395e-03
4.789272030651340749e-04
4.828576949715656492e-04
0.000000000000000000e+00
7.725800731635337499e-04
9.578544061302681498e-04
9.578544061302681498e-04
9.578544061302681498e-04
3.244104196773105013e-04
0.000000000000000000e+00
4.789272030651340749e-04
2.884133414431670392e-04
4.789272030651340749e-04
9.578544061302681498e-04
2.394636015325670320e-03
4.310344827586206837e-03
1.596424010217113764e-04
9.578544061302681498e-04
2.203065134099616712e-02
1.915708812260536191e-04
9.578544061302681498e-04
1.915708812260536191e-04
1.100734726891844264e-04
9.578544061302681498e-04
6.906676765793774361e-04
1.000771799941440308e-04
9.578544061302681498e-04
3.062602839202896617e-04
3.287331059446697563e-04
3.192848020434227527e-04
0.000000000000000000e+00
9.578544061302681498e-04
7.939686480983326354e-04
6.742610955861376388e-04
4.789272030651340749e-04
1.044560785371319615e-04
4.510338253698380575e-04
1.005747126436781595e-02
1.436781609195402279e-03
9.578544061302681498e-04
1.915708812260536300e-03
3.074212339549412453e-04
3.420908593322385862e-04
0.000000000000000000e+00
9.578544061302681498e-04
1.596424010217113764e-04
5.667423351004822639e-04
9.578544061302681498e-04
4.789272030651340749e-04
3.582561879474421623e-04
9.578544061302681498e-04
9.578544061302681498e-04
4.789272030651341291e-04
2.873563218390804558e-04
9.578544061302681498e-04
2.052545155993431517e-04
2.873563218390804558e-04
9.578544061302681498e-04
4.789272030651340749e-04
1.915708812260536300e-03
9.578544061302681498e-04
1.596424010217113764e-04
2.718305296894966690e-04
9.578544061302681498e-04
1.963601532567049723e-02
6.704980842911877591e-03
4.562878089142567489e-04
5.747126436781609116e-03
1.197318007662835187e-04
2.394636015325670646e-04
9.578544061302681498e-04
9.578544061302681498e-04
4.789272030651340749e-04
4.366932050013762681e-04
2.324086104885532389e-04
4.789272030651340749e-04
9.578544061302681498e-04
9.578544061302681498e-04
2.394636015325670375e-04
9.578544061302681498e-04
4.178685359159127260e-04
9.578544061302681498e-04
6.927518916110246170e-04
0.000000000000000000e+00
4.789272030651340749e-04
0.000000000000000000e+00
9.578544061302681498e-04
4.234809470284868851e-04
9.578544061302681498e-04
4.789272030651340749e-04
5.536474254730531586e-04
2.873563218390804558e-04
9.578544061302681498e-04
2.884133414431670392e-04
4.298863298904716940e-04
4.789272030651340749e-04
5.214717816162934118e-04
0.000000000000000000e+00
1.172415176346379098e-04
1.355978663086949802e-03
1.915708812260536300e-03
1.915708812260536300e-03
4.789272030651340749e-04
9.578544061302680956e-05
6.878393601393979978e-04
9.578544061302681498e-04
0.000000000000000000e+00
1.006630703411213069e-03
9.578544061302681498e-04
4.789272030651340749e-04
1.148527138736261510e-04
9.578544061302681498e-04
9.578544061302681498e-04
9.578544061302681498e-04
1.915708812260536300e-03
9.578544061302681498e-04
4.829402915992448125e-04
9.578544061302681498e-04
3.192848020434227527e-04
4.789272030651340749e-04
4.789272030651340749e-04
2.607358908081467059e-04
4.789272030651340749e-04
4.789272030651340749e-04
4.789272030651341291e-04
9.578544061302681498e-04
9.578544061302681498e-04
9.578544061302681498e-04
1.596424010217113764e-04
9.578544061302681498e-04
9.578544061302681498e-04
4.789272030651340749e-04
9.578544061302681498e-04
4.789272030651340749e-04
0.000000000000000000e+00
9.578544061302681498e-04
0.000000000000000000e+00
2.394636015325670375e-04
9.578544061302681498e-04
2.915756658658465910e-04
2.873563218390804558e-03
3.192848020434227527e-04
2.936528700983996208e-04
0.000000000000000000e+00
9.578544061302681498e-04
0.000000000000000000e+00
5.596326115447368453e-04
2.873563218390804558e-03
9.578544061302681498e-04
3.831417624521073467e-04
2.873563218390804558e-04
4.789272030651340749e-04
7.939686480983326354e-04
4.789272030651340749e-04
0.000000000000000000e+00
7.772214746188527146e-04
1.915708812260536191e-04
0.000000000000000000e+00
5.115603630055340400e-04
3.352490421455938795e-03
0.000000000000000000e+00
9.578544061302681498e-04
3.831417624521072382e-04
7.282668719712219896e-04
9.578544061302681498e-04
2.394636015325670375e-04
2.394636015325670375e-04
1.187230996225536230e-04
8.084673444148010590e-03
5.400300919817403039e-04
0.000000000000000000e+00
2.366437429494067254e-04
9.578544061302681498e-04
4.366932050013762681e-04
4.789272030651340207e-04
5.835575859907328900e-04
4.789272030651340749e-04
1.465514802328732108e-03
4.789272030651340749e-04
9.578544061302681498e-04
2.850915451734642621e-03
3.831417624521072382e-04
9.578544061302681498e-04
1.197318007662835187e-04
3.097319057729088724e-04
1.436781609195402279e-03
4.789272030651340749e-04
4.571158820071408971e-04
3.352490421455938795e-03
3.082896697655400147e-04
0.000000000000000000e+00
1.596424010217113764e-04
5.570743118039321335e-04
4.298863298904716940e-04
5.873057401967992416e-04
9.578544061302681498e-04
0.000000000000000000e+00
0.000000000000000000e+00
4.789272030651340749e-04
4.789272030651340749e-04
1.998660727276086444e-04
2.873563218390804558e-03
1.090167089332863765e-03
9.578544061302681498e-04
4.829402915992448125e-04
4.828576949715656492e-04
0.000000000000000000e+00
4.487413441972976222e-04
9.578544061302681498e-04
9.578544061302681498e-04
9.578544061302681498e-04
5.115603630055340400e-04
8.646293750047939330e-04
9.578544061302681498e-04
4.276493770917815180e-04
9.578544061302681498e-04
3.352490421455938795e-03
0.000000000000000000e+00
0.000000000000000000e+00
9.578544061302681498e-04
3.999868522243505667e-04
5.180007574345330771e-04
4.789272030651340749e-04
4.789272030651340749e-04
9.578544061302681498e-04
7.183908045977011395e-03
9.578544061302681498e-04
3.673536922839505474e-04
7.258173878043217703e-04
3.999868522243505667e-04
4.789272030651340749e-04
8.620689655172413673e-03
1.436781609195402279e-03
9.578544061302681498e-04
4.789272030651340749e-04
0.000000000000000000e+00
8.765809748439988862e-04
1.915708812260536300e-03
0.000000000000000000e+00
2.736726874657908690e-04
3.862900365817667665e-04
9.578544061302681498e-04
4.789272030651340749e-04
4.257130693912301563e-04
2.128565346956151324e-04
4.789272030651340749e-04
3.192848020434227527e-04
9.578544061302681498e-04
5.167764973349305490e-04
4.789272030651340749e-04
9.578544061302682582e-04
4.073976718691721031e-04
0.000000000000000000e+00
4.310344827586206837e-03
9.578544061302681498e-04
9.578544061302681498e-04
2.873563218390804558e-04
2.117404735142434425e-04
9.578544061302681498e-04
9.578544061302681498e-04
9.578544061302681498e-04
9.578544061302681498e-04
9.578544061302681498e-04
9.578544061302681498e-04
9.578544061302681498e-04
4.789272030651340749e-04
1.614955247144569950e-03
9.578544061302681498e-04
0.000000000000000000e+00
9.578544061302681498e-04
3.831417624521073467e-04
2.394636015325670646e-04
9.578544061302681498e-04
4.789272030651340749e-04
4.789272030651340749e-04
3.842146972973865164e-04
7.645960179615738338e-04
9.578544061302680956e-05
9.578544061302681498e-04
9.578544061302681498e-04
0.000000000000000000e+00
9.578544061302681498e-04
4.082227061293443099e-04
2.394636015325670320e-03
8.729962547243497011e-04
9.578544061302681498e-04
3.192848020434227527e-04
4.310344827586206837e-03
9.578544061302681498e-04
4.298863298904716940e-04
4.310344827586206837e-03
9.578544061302681498e-04
4.069076384125346144e-04
4.789272030651340749e-04
9.578544061302681498e-04
3.287331059446697563e-04
0.000000000000000000e+00
2.089121570742639500e-04
0.000000000000000000e+00
9.578544061302681498e-04
4.789272030651340749e-04
4.789272030651340749e-04
1.026805565588388399e-03
3.591954022988505697e-04
1.369808685401216388e-03
9.578544061302681498e-04
8.113476610107670873e-04
2.394636015325670320e-03
9.578544061302681498e-04
1.915708812260536300e-03
3.222719397280950950e-04
9.578544061302681498e-04
9.578544061302681498e-04
9.578544061302681498e-04
9.578544061302681498e-04
2.873563218390804558e-04
9.578544061302680956e-05
4.789272030651340749e-04
1.596424010217113764e-04
9.578544061302681498e-04
0.000000000000000000e+00
9.578544061302681498e-04
4.789272030651340207e-04
0.000000000000000000e+00
9.578544061302681498e-04
9.578544061302681498e-04
9.578544061302681498e-04
4.562878089142567489e-04
4.789272030651340749e-04
5.969249958032616602e-04
2.089533169888300990e-04
2.394636015325670375e-04
3.453338382896887181e-04
0.000000000000000000e+00
4.265161066947318193e-05
3.192848020434227527e-04
9.578544061302681498e-04
3.442000968337588030e-04
4.789272030651340749e-04
0.000000000000000000e+00
9.578544061302681498e-04
9.578544061302681498e-04
5.115603630055340400e-04
4.789272030651340749e-04
3.999868522243505667e-04
9.578544061302681498e-04
0.000000000000000000e+00
0.000000000000000000e+00
8.575298455509642833e-05
1.172415176346379098e-04
9.578544061302681498e-04
2.394636015325670375e-04
5.667423351004822639e-04
9.578544061302680956e-05
9.578544061302681498e-04
4.340024050977421446e-04
4.299359240779780872e-04
4.298863298904716940e-04
4.573889374037372942e-04
7.939686480983326354e-04
4.789272030651340749e-04
9.578544061302681498e-04
4.789272030651340749e-04
0.000000000000000000e+00
2.034985780729921256e-04
2.394636015325670375e-04
6.545739367709621070e-04
4.789272030651341291e-04
4.789272030651340749e-04
8.959273274248856500e-03
2.394636015325670375e-04
2.915756658658465910e-04
1.915708812260536191e-04
9.578544061302681498e-04
3.789941667013297256e-04
2.873563218390804558e-04
9.578544061302681498e-04
0.000000000000000000e+00
3.192848020434227527e-04
2.394636015325670375e-04
6.061298532263543256e-04
0.000000000000000000e+00
2.394636015325670320e-03
4.789272030651340749e-04
4.562878089142567489e-04
0.000000000000000000e+00
2.394636015325670646e-04
2.873563218390804558e-04
5.572548347336535920e-04
9.578544061302681498e-04
4.789272030651340749e-04
2.873563218390805100e-04
3.352490421455938795e-03
1.596424010217113764e-04
7.269404979213416659e-04
9.578544061302681498e-04
4.789272030651340749e-04
1.035642340262351311e-03
4.789272030651340749e-04
9.254874779733384370e-04
7.165573083064796745e-04
4.789272030651340749e-04
5.873057401967992416e-04
9.578544061302681498e-04
2.572589536652892714e-04
3.905072877341422919e-04
2.671867295508906053e-04
9.578544061302681498e-04
9.973592440918341642e-04
9.578544061302681498e-04
4.384793067916205648e-04
9.578544061302681498e-04
9.578544061302681498e-04
2.460586335347860008e-04
9.578544061302681498e-04
0.000000000000000000e+00
2.351772334351048658e-04
1.596424010217113764e-04
4.789272030651340749e-04
9.578544061302681498e-04
9.578544061302681498e-04
9.578544061302681498e-04
9.578544061302681498e-04
4.789272030651340749e-04
9.578544061302681498e-04
9.578544061302681498e-04
4.299359240779780872e-04
4.467108068122950439e-04
4.829402915992448125e-04
9.578544061302681498e-04
9.578544061302681498e-04
9.578544061302681498e-04
9.578544061302681498e-04
4.789272030651341291e-04
9.578544061302681498e-04
3.991060025542783867e-04
3.192848020434226985e-04
9.578544061302681498e-04
0.000000000000000000e+00
9.578544061302681498e-04
5.873057401967992416e-04
2.394636015325670646e-04
3.813242111635506176e-04
0.000000000000000000e+00
4.789272030651340749e-04
1.915708812260536191e-04
1.436781609195402279e-03
5.214717816162934118e-04
0.000000000000000000e+00
4.789272030651340749e-04
4.789272030651340749e-04
9.578544061302681498e-04
9.578544061302681498e-04
2.873563218390805100e-04
0.000000000000000000e+00
2.394636015325670375e-04
9.578544061302681498e-04
3.275199037510322011e-04
2.671867295508906053e-04
2.385673937200538577e-03
1.963845110295392102e-04
3.671965552421015632e-04
0.000000000000000000e+00
4.789272030651340749e-04
3.479642311934764498e-04
2.394636015325670375e-04
4.789272030651340749e-04
2.394636015325670375e-04
9.578544061302681498e-04
9.578544061302681498e-04
5.768114930979341111e-04
4.789272030651341291e-04
4.789272030651341291e-04
9.578544061302681498e-04
4.516111453356264375e-04
4.789272030651340749e-04
2.736726874657908690e-04
9.578544061302681498e-04
4.789272030651340749e-04
1.596424010217113764e-04
9.578544061302681498e-04
2.915756658658465910e-04
0.000000000000000000e+00
9.578544061302681498e-04
3.420908593322385862e-04
0.000000000000000000e+00
9.578544061302681498e-04
9.578544061302680956e-05
9.578544061302681498e-04
3.591954022988505697e-04
4.789272030651340749e-04
9.578544061302681498e-04
1.368363437328954345e-04
4.789272030651340749e-04
9.578544061302681498e-04
9.578544061302681498e-04
2.250957854406130179e-02
9.578544061302681498e-04
9.578544061302681498e-04
6.511651635912668254e-04
4.789272030651340749e-04
5.313505691461918590e-04
4.789272030651340749e-04
4.789272030651340749e-04
1.357379970970623649e-04
4.298863298904716940e-04
2.873563218390804558e-03
0.000000000000000000e+00
1.596424010217113764e-04
9.578544061302681498e-04
9.578544061302681498e-04
3.442000968337588030e-04
1.915708812260536191e-04
0.000000000000000000e+00
4.829402915992448125e-04
9.578544061302681498e-04
7.183908045977011395e-03
9.578544061302681498e-04
9.578544061302681498e-04
4.789272030651341291e-04
9.578544061302681498e-04
0.000000000000000000e+00
9.578544061302681498e-04
3.918495297805643564e-04
4.789272030651340749e-04
3.591954022988505697e-04
6.906676765793774361e-04
1.436781609195402279e-03
4.477060892357894112e-04
4.342532872944585183e-04
5.158913737562322195e-04
1.187230996225536230e-04
4.298863298904716940e-04
9.578544061302681498e-04
5.609951075083671225e-04
0.000000000000000000e+00
4.789272030651340749e-04
9.578544061302681498e-04
9.578544061302681498e-04
4.443467362383713521e-04
9.578544061302681498e-04
1.998660727276086444e-04
9.592475088689238726e-04
1.915708812260536300e-03
9.578544061302681498e-04
4.789272030651341291e-04
2.873563218390804558e-04
4.124005871370362507e-04
3.244104196773105013e-04
4.789272030651340749e-04
9.578544061302681498e-04
9.578544061302681498e-04
9.578544061302681498e-04
4.299359240779780872e-04
9.578544061302681498e-04
9.578544061302681498e-04
3.788500230709900170e-04
2.394636015325670375e-04
4.789272030651340749e-04
0.000000000000000000e+00
3.487674455490667605e-04
2.394636015325670375e-04
4.950838857539557533e-04
0.000000000000000000e+00
1.359725551353026382e-03
7.290669790866869445e-04
4.789272030651340749e-04
2.394636015325670375e-04
2.394636015325670375e-04
9.578544061302681498e-04
9.578544061302681498e-04
7.939686480983326354e-04
9.578544061302681498e-04
1.152499046011447228e-03
9.578544061302681498e-04
1.596424010217113764e-04
9.578544061302681498e-04
0.000000000000000000e+00
0.000000000000000000e+00
9.578544061302681498e-04
9.578544061302681498e-04
2.231470215623670278e-04
9.578544061302681498e-04
2.394636015325670375e-04
9.578544061302681498e-04
1.915708812260536300e-03
9.578544061302681498e-04
9.578544061302681498e-04
4.789272030651340749e-04
4.789272030651340749e-04
9.578544061302681498e-04
9.578544061302681498e-04
1.880054533891509162e-04
9.578544061302681498e-04
4.789272030651340749e-04
0.000000000000000000e+00
0.000000000000000000e+00
0.000000000000000000e+00
4.789272030651340749e-04
4.789272030651340749e-04
0.000000000000000000e+00
9.578544061302681498e-04
9.578544061302681498e-04
4.789272030651340749e-04
9.578544061302681498e-04
9.578544061302681498e-04
4.298863298904716940e-04
9.578544061302681498e-04
1.963845110295392102e-04
4.789272030651340749e-04
0.000000000000000000e+00
3.999868522243505667e-04
4.789272030651341291e-04
4.789272030651340749e-04
9.578544061302680956e-05
3.074212339549412453e-04
5.158627125474463549e-04
1.187230996225536230e-04
9.578544061302681498e-04
9.578544061302681498e-04
0.000000000000000000e+00
9.578544061302681498e-04
1.197318007662835187e-04
4.829402915992448125e-04
0.000000000000000000e+00
9.578544061302681498e-04
4.299359240779780872e-04
4.829402915992448125e-04
1.148527138736261510e-04
4.789272030651340749e-04
1.436781609195402279e-03
1.197318007662835187e-04
3.215138408600673350e-04
9.578544061302681498e-04
4.829402915992448125e-04
4.562878089142567489e-04
4.789272030651340749e-04
8.575298455509642833e-05
9.578544061302681498e-04
1.231527093596059127e-03
4.789272030651340749e-04
9.578544061302681498e-04
4.789272030651341291e-04
4.789272030651340749e-04
2.361819197849569004e-03
1.197318007662835187e-04
4.829402915992448125e-04
9.578544061302681498e-04
1.359725551353026382e-03
9.578544061302681498e-04
1.915708812260536300e-03
4.789272030651340749e-04
9.578544061302681498e-04
9.578544061302679330e-04
0.000000000000000000e+00
1.004553670340299805e-03
2.394636015325670375e-04
4.789272030651340749e-04
2.572589536652892714e-04
6.984746636297724806e-04
0.000000000000000000e+00
4.789272030651340749e-04
0.000000000000000000e+00
9.578544061302681498e-04
9.578544061302681498e-04
2.151230341224265438e-04
9.578544061302681498e-04
3.074212339549412453e-04
5.400300919817403039e-04
0.000000000000000000e+00
0.000000000000000000e+00
1.915708812260536191e-04
3.192848020434227527e-04
2.880243011333279688e-04
4.562229994248651836e-04
9.578544061302681498e-04
4.789272030651340749e-04
1.915708812260536300e-03
9.578544061302681498e-04
9.578544061302681498e-04
0.000000000000000000e+00
1.842027704096669519e-04
0.000000000000000000e+00
9.578544061302681498e-04
0.000000000000000000e+00
4.789272030651340749e-04
3.352490421455938795e-03
4.257130693912301563e-04
9.578544061302681498e-04
2.893829325081758493e-04
9.578544061302681498e-04
3.575835142445931108e-04
0.000000000000000000e+00
4.789272030651340749e-04
2.217187876852209569e-03
3.831417624521072382e-04
1.172415176346379098e-04
1.915708812260536300e-03
3.192848020434227527e-04
4.789272030651341291e-04
3.192848020434227527e-04
6.704980842911877591e-03
9.578544061302681498e-04
9.578544061302681498e-04
3.442000968337588030e-04
9.578544061302681498e-04
9.578544061302681498e-04
9.578544061302681498e-04
3.232429646614645388e-04
9.578544061302681498e-04
7.477011840063605254e-04
4.789272030651340749e-04
6.341729160853662147e-04
4.571158820071408971e-04
4.789272030651340749e-04
9.578544061302681498e-04
0.000000000000000000e+00
9.578544061302681498e-04
4.789272030651340749e-04
9.578544061302681498e-04
0.000000000000000000e+00
9.578544061302681498e-04
3.192848020434227527e-04
1.187230996225536230e-04
4.324209621513812828e-04
4.789272030651340207e-04
2.394636015325670375e-04
8.319959361815375438e-04
5.596326115447368453e-04
9.578544061302681498e-04
1.261500370118919271e-04
5.596326115447368453e-04
4.789272030651340749e-04
9.578544061302681498e-04
1.359725551353026382e-03
9.578544061302681498e-04
9.578544061302681498e-04
1.842027704096669519e-04
4.828109364246088286e-04
4.310344827586206837e-03
0.000000000000000000e+00
4.828576949715656492e-04
3.074212339549411911e-04
4.789272030651340749e-04
2.307532547866713440e-02
9.578544061302681498e-04
9.578544061302681498e-04
7.165573083064796745e-04
4.789272030651340749e-04
2.394636015325670375e-04
0.000000000000000000e+00
3.192848020434227527e-04
3.575835142445931108e-04
9.578544061302681498e-04
4.324209621513812828e-04
9.578544061302681498e-04
4.789272030651341291e-04
9.578544061302681498e-04
3.192848020434227527e-04
9.973592440918341642e-04
5.520747702972607102e-04
4.789272030651340749e-04
4.789272030651340749e-04
9.578544061302681498e-04
4.789272030651340749e-04
9.578544061302681498e-04
4.257130693912301563e-04
4.789272030651340749e-04
2.394636015325670375e-04
9.578544061302681498e-04
2.936528700983996208e-04
4.789272030651340749e-04
1.090167089332863765e-03
3.862900365817667665e-04
4.789272030651340749e-04
6.964395923368249660e-04
9.272365648497509676e-04
0.000000000000000000e+00
0.000000000000000000e+00
2.394636015325670375e-04
5.596326115447368453e-04
5.313505691461918590e-04
6.307862495315177780e-04
2.889240974963991652e-04
3.074212339549412453e-04
9.578544061302681498e-04
2.394636015325670320e-03
1.614955247144569950e-03
1.436781609195402279e-03
9.578544061302681498e-04
9.578544061302681498e-04
4.789272030651340749e-04
8.959273274248856500e-03
1.044560785371319615e-04
1.596424010217113764e-04
5.214717816162934118e-04
3.940690516592155719e-04
1.197318007662835187e-04
4.789272030651340207e-04
9.578544061302681498e-04
4.789272030651340749e-04
9.578544061302681498e-04
4.342532872944585183e-04
4.789272030651340749e-04
3.591954022988505697e-04
0.000000000000000000e+00
5.790043830592780244e-04
2.873563218390804558e-04
9.578544061302681498e-04
0.000000000000000000e+00
4.829402915992448125e-04
9.578544061302682582e-04
9.578544061302681498e-04
1.187230996225536230e-04
3.453338382896887181e-04
5.596326115447368453e-04
4.789272030651340749e-04
9.578544061302681498e-04
9.578544061302681498e-04
9.578544061302681498e-04
9.578544061302681498e-04
4.510371168670114549e-04
3.502199040181057919e-04
4.789272030651340749e-04
0.000000000000000000e+00
4.789272030651340749e-04
0.000000000000000000e+00
3.291862067652576141e-04
2.394636015325670375e-04
9.578544061302681498e-04
0.000000000000000000e+00
0.000000000000000000e+00
4.789272030651340749e-04
3.307780461134258998e-04
3.591954022988505697e-04
9.578544061302681498e-04
3.918495297805643564e-04
2.884133414431670392e-04
4.789272030651342917e-04
9.578544061302681498e-04
0.000000000000000000e+00
4.789272030651340749e-04
2.394636015325670375e-04
3.215138408600673350e-04
9.578544061302681498e-04
3.673536922839505474e-04
4.789272030651340749e-04
9.578544061302681498e-04
4.789272030651340749e-04
2.884133414431670392e-04
3.334663282271424956e-04
4.234809470284868851e-04
9.578544061302681498e-04
9.578544061302681498e-04
1.842027704096669519e-04
9.578544061302681498e-04
4.789272030651340749e-04
7.258173878043217703e-04
5.115603630055340400e-04
4.527210420356147396e-04
4.789272030651340749e-04
2.880243011333279688e-04
1.187230996225536230e-04
1.044560785371319615e-04
1.915708812260536300e-03
9.578544061302681498e-04
4.310344827586206837e-03
3.227303897107465513e-04
4.370160654623653240e-04
4.789272030651340749e-04
3.244104196773105013e-04
1.290479633744369675e-03
6.447050557959607079e-04
4.789272030651340749e-04
6.444861705188722383e-04
1.596424010217113764e-04
9.578544061302681498e-04
9.578544061302681498e-04
1.613877816651174526e-03
4.789272030651341291e-04
1.197318007662835187e-04
4.043446849104744218e-04
5.873057401967992416e-04
9.578544061302681498e-04
0.000000000000000000e+00
2.407195568807679229e-04
9.578544061302681498e-04
4.789272030651340749e-04
9.578544061302681498e-04
1.915708812260536300e-03
4.789272030651340749e-04
9.578544061302681498e-04
9.578544061302681498e-04
4.789272030651340749e-04
9.578544061302681498e-04
9.578544061302681498e-04
3.307780461134258998e-04
1.378789610832338326e-03
2.394636015325670375e-04
2.880243011333279688e-04
3.911574299632523347e-04
4.789272030651341291e-04
9.578544061302681498e-04
3.157083525591583475e-04
9.578544061302681498e-04
4.789272030651340749e-04
5.463772759571606770e-04
4.789272030651340749e-04
0.000000000000000000e+00
9.578544061302681498e-04
9.578544061302681498e-04
3.192848020434227527e-04
9.578544061302681498e-04
9.578544061302681498e-04
4.789272030651340749e-04
3.602920488429229369e-04
4.467108068122950439e-04
5.982042319350198761e-04
6.892607256216092644e-04
3.640744891915078697e-04
1.963845110295392102e-04
3.575835142445931108e-04
9.578544061302681498e-04
4.789272030651341291e-04
0.000000000000000000e+00
3.264377010119514006e-04
9.578544061302681498e-04
9.578544061302681498e-04
9.578544061302681498e-04
9.578544061302681498e-04
1.915708812260536191e-04
1.356526023778005866e-03
4.829402915992448125e-04
1.439010348950966111e-03
0.000000000000000000e+00
4.789272030651340749e-04
9.578544061302680956e-05
4.789272030651340749e-04
4.789272030651340749e-04
9.578544061302681498e-04
9.578544061302681498e-04
9.578544061302681498e-04
9.578544061302681498e-04
4.789272030651340749e-04
1.596424010217113764e-04
4.789272030651340749e-04
3.192848020434227527e-04
9.578544061302681498e-04
4.789272030651340749e-04
1.172415176346379098e-04
9.578544061302681498e-04
9.578544061302681498e-04
0.000000000000000000e+00
9.578544061302681498e-04
4.562878089142567489e-04
4.789272030651340749e-04
9.578544061302681498e-04
9.578544061302681498e-04
9.578544061302681498e-04
7.698489527411172878e-04
9.578544061302681498e-04
6.906676765793774361e-04
4.789272030651340207e-04
6.444861705188722383e-04
9.578544061302681498e-04
4.789272030651340749e-04
9.578544061302681498e-04
4.789272030651340749e-04
1.915708812260536300e-03
9.578544061302681498e-04
5.150533821090224999e-04
1.915708812260536300e-03
4.310344827586206837e-03
2.394636015325670375e-04
1.915708812260536300e-03
4.571158820071408971e-04
4.370160654623653240e-04
7.912343193554073877e-04
9.578544061302681498e-04
9.578544061302681498e-04
9.578544061302681498e-04
1.842027704096669519e-04
9.578544061302681498e-04
9.578544061302681498e-04
2.873563218390804558e-03
1.813950860283977890e-03
1.459732688124813684e-03
0.000000000000000000e+00
3.192848020434227527e-04
6.055640117032484553e-04
1.759011667820263222e-04
2.873563218390804558e-03
4.789272030651340749e-04
9.578544061302681498e-04
9.578544061302681498e-04
9.578544061302681498e-04
9.578544061302681498e-04
9.578544061302681498e-04
8.883720550891894066e-04
3.192848020434227527e-04
4.789272030651340749e-04
4.342532872944585183e-04
9.578544061302681498e-04
9.578544061302681498e-04
4.789272030651340749e-04
2.394636015325670320e-03
9.578544061302681498e-04
4.789272030651340749e-04
0.000000000000000000e+00
1.532567049808429040e-02
9.578544061302681498e-04
3.862900365817668749e-04
1.596424010217113764e-04
4.355740134446083696e-04
4.789272030651340749e-04
1.596424010217113764e-04
3.442000968337588030e-04
5.682750346064850255e-04
9.578544061302681498e-04
0.000000000000000000e+00
9.578544061302681498e-04
0.000000000000000000e+00
9.578544061302679330e-04
9.578544061302681498e-04
3.918495297805643564e-04
9.578544061302681498e-04
0.000000000000000000e+00
9.578544061302681498e-04
4.789272030651340749e-04
9.578544061302681498e-04
4.789272030651340749e-04
3.831417624521073467e-04
4.789272030651340749e-04
5.214717816162934118e-04
1.187230996225536230e-04
0.000000000000000000e+00
9.578544061302681498e-04
0.000000000000000000e+00
3.352490421455938795e-03
4.789272030651340749e-04
9.578544061302681498e-04
7.698489527411172878e-04
5.312423945279334554e-04
1.933713503518170724e-04
3.192848020434227527e-04
1.197318007662835187e-04
9.578544061302681498e-04
9.578544061302681498e-04
9.578544061302681498e-04
4.789272030651340749e-04
9.578544061302681498e-04
4.318810806725087740e-04
9.578544061302681498e-04
4.789272030651340749e-04
4.789272030651340749e-04
9.578544061302681498e-04
1.915708812260536300e-03
2.368429841425128378e-03
4.789272030651340749e-04
9.578544061302681498e-04
9.578544061302681498e-04
3.352490421455938795e-03
9.842034385935337880e-04
9.578544061302681498e-04
2.394636015325670375e-04
7.128296200865293260e-04
3.673536922839505474e-04
9.578544061302681498e-04
9.578544061302681498e-04
4.789272030651341291e-04
9.578544061302681498e-04
9.578544061302681498e-04
2.351772334351048658e-04
3.831417624521072382e-04
0.000000000000000000e+00
9.578544061302681498e-04
1.897790240320804817e-03
9.578544061302681498e-04
2.873563218390804558e-04
9.578544061302681498e-04
4.342532872944585183e-04
2.203065134099616712e-02
9.578544061302681498e-04
9.578544061302681498e-04
4.043446849104744218e-04
1.035642340262351311e-03
0.000000000000000000e+00
1.436781609195402279e-03
9.578544061302681498e-04
3.502199040181057919e-04
2.394636015325670375e-04
0.000000000000000000e+00
2.128565346956151324e-04
5.873057401967992416e-04
9.578544061302681498e-04
7.258173878043217703e-04
3.999868522243505667e-04
5.697401235796880443e-04
9.578544061302681498e-04
0.000000000000000000e+00
4.257130693912301563e-04
3.931742185100376330e-04
3.831417624521072382e-04
4.789272030651340749e-04
0.000000000000000000e+00
4.789272030651340749e-04
1.172415176346379098e-04
9.578544061302681498e-04
4.789272030651340749e-04
0.000000000000000000e+00
9.578544061302681498e-04
2.394636015325670375e-04
0.000000000000000000e+00
5.549196885523627679e-04
9.578544061302681498e-04
0.000000000000000000e+00
1.044560785371319615e-04
3.442000968337588030e-04
9.578544061302681498e-04
4.789272030651340749e-04
9.578544061302681498e-04
9.578544061302681498e-04
9.578544061302681498e-04
4.789272030651340749e-04
0.000000000000000000e+00
9.578544061302681498e-04
4.789272030651340749e-04
0.000000000000000000e+00
0.000000000000000000e+00
1.915708812260536300e-03
1.041042329832649960e-03
2.821605003088006229e-04
4.562878089142567489e-04
1.596424010217113764e-04
3.918495297805643564e-04
2.789337769529587644e-04
9.578544061302681498e-04
9.578544061302681498e-04
9.578544061302681498e-04
6.444861705188722383e-04
9.578544061302681498e-04
5.873057401967992416e-04
1.842027704096669519e-04
0.000000000000000000e+00
1.172415176346379098e-04
0.000000000000000000e+00
1.842027704096669519e-04
9.578544061302681498e-04
9.578544061302681498e-04
1.436781609195402279e-03
4.310344827586206837e-03
9.578544061302681498e-04
5.873057401967992416e-04
9.578544061302681498e-04
9.578544061302681498e-04
4.043446849104744218e-04
2.089533169888300990e-04
9.578544061302681498e-04
3.044441033734920725e-04
9.578544061302681498e-04
9.578544061302681498e-04
0.000000000000000000e+00
9.578544061302681498e-04
3.192848020434227527e-04
9.578544061302681498e-04
9.578544061302681498e-04
9.578544061302681498e-04
9.578544061302682582e-04
9.578544061302681498e-04
4.318810806725087740e-04
0.000000000000000000e+00
0.000000000000000000e+00
9.578544061302681498e-04
4.298863298904716940e-04
9.578544061302681498e-04
6.061298532263543256e-04
4.789272030651340749e-04
4.789272030651340749e-04
3.192848020434227527e-04
2.097071000618661583e-04
9.578544061302681498e-04
1.596424010217113764e-04
9.578544061302681498e-04
9.578544061302681498e-04
2.936528700983996208e-04
5.732538930400927438e-04
4.571158820071408971e-04
1.044560785371319615e-04
3.192848020434227527e-04
0.000000000000000000e+00
2.572589536652892714e-04
4.789272030651340749e-04
0.000000000000000000e+00
4.298863298904716940e-04
9.578544061302681498e-04
7.183908045977011395e-03
2.700150459908701520e-04
2.394636015325670375e-04
2.418549000089535456e-03
0.000000000000000000e+00
0.000000000000000000e+00
4.370160654623653240e-04
9.578544061302681498e-04
9.578544061302681498e-04
9.578544061302681498e-04
1.197318007662835187e-04
0.000000000000000000e+00
9.578544061302681498e-04
2.736726874657908690e-04
0.000000000000000000e+00
4.789272030651340749e-04
9.578544061302681498e-04
3.307077366917465767e-04
9.578544061302681498e-04
4.789272030651340749e-04
9.578544061302681498e-04
1.197318007662835187e-04
6.906676765793774361e-04
4.789272030651340207e-04
1.026805565588388399e-03
8.729962547243497011e-04
9.578544061302681498e-04
9.578544061302681498e-04
2.394636015325670320e-03
0.000000000000000000e+00
0.000000000000000000e+00
9.578544061302681498e-04
2.394636015325670375e-04
2.394636015325670375e-04
4.789272030651340749e-04
0.000000000000000000e+00
9.578544061302681498e-04
0.000000000000000000e+00
2.718305296894966690e-04
4.789272030651340749e-04
9.578544061302681498e-04
6.387120262754117980e-04
9.578544061302681498e-04
3.192848020434227527e-04
9.578544061302681498e-04
3.453338382896887181e-04
0.000000000000000000e+00
1.006630703411213069e-03
3.352490421455938795e-03
9.578544061302681498e-04
1.442066707215835196e-04
1.187230996225536230e-04
9.578544061302681498e-04
1.915708812260536300e-03
1.347761422187015220e-03
0.000000000000000000e+00
3.831417624521072599e-03
9.578544061302681498e-04
9.578544061302681498e-04
4.789272030651340749e-04
9.578544061302681498e-04
9.578544061302681498e-04
9.578544061302681498e-04
5.400300919817403039e-04
9.578544061302681498e-04
6.204172380275719970e-04
9.578544061302681498e-04
9.578544061302681498e-04
3.991060025542783867e-04
9.578544061302681498e-04
3.420908593322385862e-04
1.436781609195402279e-03
9.578544061302680956e-05
4.789272030651340749e-04
5.214717816162934118e-04
4.789272030651340749e-04
0.000000000000000000e+00
9.578544061302681498e-04
2.893829325081758493e-04
0.000000000000000000e+00
4.562878089142567489e-04
5.400300919817403039e-04
5.115603630055340400e-04
3.591954022988505697e-04
0.000000000000000000e+00
2.884133414431670392e-04
1.436781609195402279e-03
4.789272030651340749e-04
9.578544061302681498e-04
9.578544061302681498e-04
4.789272030651340749e-04
3.192848020434227527e-04
9.578544061302680956e-05
2.758539202871917789e-04
0.000000000000000000e+00
0.000000000000000000e+00
6.444861705188722383e-04
1.963601532567049723e-02
1.852743329667344541e-04
3.640744891915078697e-04
0.000000000000000000e+00
2.394636015325670375e-04
9.578544061302681498e-04
9.578544061302681498e-04
4.789272030651340749e-04
3.245650791501061947e-04
4.257130693912301563e-04
0.000000000000000000e+00
7.139100980706925177e-04
3.991060025542784409e-04
2.394636015325670375e-04
9.578544061302681498e-04
4.789272030651340749e-04
0.000000000000000000e+00
9.578544061302681498e-04
3.831417624521073467e-04
4.828576949715656492e-04
2.203065134099616712e-02
5.667423351004822639e-04
8.485815140591854361e-05
4.789272030651341291e-04
3.074212339549412453e-04
1.436781609195402279e-03
0.000000000000000000e+00
2.394636015325670375e-04
9.578544061302681498e-04
6.226053639846742919e-03
9.578544061302681498e-04
4.789272030651340749e-04
2.394636015325670375e-04
9.578544061302681498e-04
4.789272030651340749e-04
3.307780461134258998e-04
3.999868522243505667e-04
4.789272030651341291e-04
9.578544061302681498e-04
9.578544061302681498e-04
4.443467362383713521e-04
9.578544061302681498e-04
4.532952711201109972e-04
9.578544061302681498e-04
9.578544061302681498e-04
9.578544061302681498e-04
4.789272030651340207e-04
9.578544061302680956e-05
9.578544061302679330e-04
4.789272030651340749e-04
4.789272030651340749e-04
3.876819329925374662e-04
9.578544061302681498e-04
1.187230996225536230e-04
3.891283524904213783e-04
0.000000000000000000e+00
9.578544061302681498e-04
4.299359240779780872e-04
9.578544061302681498e-04
9.578544061302681498e-04
3.831417624521072382e-04
4.298863298904716940e-04
3.999868522243505667e-04
9.578544061302681498e-04
1.172415176346379098e-04
9.578544061302681498e-04
9.578544061302681498e-04
0.000000000000000000e+00
4.362029853896857100e-04
2.394636015325670375e-04
1.915708812260536300e-03
3.575835142445931108e-04
0.000000000000000000e+00
3.192848020434227527e-04
4.789272030651340749e-04
3.831417624521072382e-04
4.789272030651341291e-04
9.578544061302681498e-04
1.842027704096669519e-04
9.578544061302681498e-04
5.150533821090224999e-04
1.436781609195402279e-03
5.768114930979341111e-04
1.596424010217113764e-04
0.000000000000000000e+00
3.352490421455938795e-03
9.578544061302681498e-04
4.082227061293443099e-04
9.578544061302681498e-04
4.010052289232438733e-04
1.357379970970623649e-04
0.000000000000000000e+00
0.000000000000000000e+00
2.250957854406130179e-02
4.299359240779780872e-04
3.991060025542783867e-04
9.578544061302681498e-04
4.789272030651340749e-04
4.789272030651340749e-04
6.704980842911877591e-03
4.789272030651341291e-04
0.000000000000000000e+00
1.596424010217113764e-04
9.578544061302681498e-04
7.912343193554073877e-04
4.571158820071408971e-04
1.000771799941440308e-04
9.578544061302681498e-04
3.192848020434227527e-04
9.578544061302681498e-04
1.197318007662835187e-04
2.880243011333279688e-04
5.873057401967992416e-04
1.197318007662835187e-04
9.067161836473513516e-04
9.578544061302681498e-04
1.998660727276086444e-04
2.107279693486590125e-02
0.000000000000000000e+00
0.000000000000000000e+00
9.578544061302681498e-04
0.000000000000000000e+00
4.789272030651340749e-04
0.000000000000000000e+00
4.789272030651340749e-04
5.864715315943133580e-04
0.000000000000000000e+00
4.366932050013762681e-04
9.842034385935337880e-04
9.578544061302681498e-04
4.061967656461382852e-04
9.578544061302681498e-04
0.000000000000000000e+00
4.789272030651340749e-04
1.084482622645341430e-03
4.789272030651340749e-04
2.394636015325670375e-04
3.192848020434227527e-04
9.578544061302681498e-04
4.310344827586206837e-03
3.442000968337588030e-04
3.891283524904213783e-04
9.578544061302681498e-04
9.578544061302681498e-04
4.789272030651340749e-04
9.578544061302681498e-04
2.394636015325670375e-04
9.578544061302681498e-04
4.789272030651341291e-04
4.571158820071408971e-04
1.596424010217113764e-04
4.299359240779780872e-04
6.704980842911877591e-03
4.789272030651340749e-04
4.512040750468104258e-04
2.366437429494067254e-04
9.578544061302681498e-04
4.789272030651340749e-04
9.578544061302681498e-04
0.000000000000000000e+00
9.578544061302681498e-04
2.893829325081758493e-04
8.139720334867928120e-04
9.578544061302681498e-04
4.048174698784403800e-04
2.394636015325670320e-03
3.591954022988505697e-04
4.789272030651340749e-04
1.632188505059757003e-04
1.842027704096669519e-04
9.578544061302681498e-04
9.578544061302681498e-04
0.000000000000000000e+00
0.000000000000000000e+00
5.158627125474463549e-04
9.578544061302681498e-04
1.596424010217113764e-04
9.578544061302681498e-04
1.915708812260536300e-03
6.704980842911877591e-03
9.578544061302681498e-04
4.789272030651340749e-04
5.400300919817403039e-04
4.789272030651340749e-04
3.872783131058979401e-04
1.436781609195402279e-03
6.226053639846742919e-03
2.209297944609577393e-04
7.258173878043217703e-04
3.744711245280020863e-04
4.789272030651340749e-04
9.578544061302681498e-04
7.258173878043217703e-04
4.789272030651340749e-04
9.578544061302681498e-04
9.578544061302681498e-04
1.915708812260536300e-03
7.363729693890110149e-04
9.578544061302681498e-04
3.591954022988505697e-04
9.578544061302681498e-04
5.158627125474463549e-04
9.578544061302681498e-04
9.578544061302682582e-04
4.789272030651341291e-04
3.991060025542783867e-04
7.772214746188527146e-04
9.592475088689238726e-04
4.318810806725087740e-04
2.394636015325670375e-04
9.578544061302681498e-04
9.578544061302681498e-04
0.000000000000000000e+00
1.335933647754453026e-04
3.287331059446697563e-04
1.791987701020612530e-03
0.000000000000000000e+00
3.420908593322385862e-04
0.000000000000000000e+00
3.950946443847071286e-04
9.578544061302681498e-04
4.789272030651340749e-04
3.192848020434227527e-04
9.578544061302681498e-04
2.936528700983996208e-04
0.000000000000000000e+00
0.000000000000000000e+00
9.578544061302681498e-04
4.789272030651340749e-04
6.878393601393979978e-04
3.192848020434226985e-04
9.842034385935337880e-04
9.578544061302681498e-04
9.578544061302681498e-04
9.578544061302681498e-04
4.828576949715656492e-04
9.578544061302681498e-04
9.578544061302681498e-04
6.742610955861376388e-04
3.074212339549411911e-04
9.578544061302681498e-04
4.789272030651340749e-04
9.578544061302681498e-04
4.370160654623653240e-04
3.591954022988505697e-04
7.393151480775675063e-04
9.578544061302681498e-04
9.578544061302681498e-04
3.334663282271424956e-04
8.464759001152379492e-04
9.578544061302681498e-04
4.274690549217179808e-04
3.591954022988505697e-04
2.572589536652892714e-04
4.789272030651340749e-04
4.789272030651340749e-04
4.157855325533023512e-04
3.420908593322385862e-04
3.905072877341422919e-04
3.442000968337588030e-04
4.418723364717872817e-04
9.578544061302681498e-04
9.578544061302681498e-04
1.436781609195402279e-03
9.578544061302681498e-04
1.852743329667344541e-04
1.100734726891844264e-04
7.183908045977011395e-04
4.789272030651340749e-04
9.578544061302681498e-04
9.578544061302681498e-04
4.401157748100760535e-04
9.578544061302681498e-04
9.578544061302681498e-04
2.884133414431670392e-04
4.789272030651340749e-04
4.789272030651340749e-04
5.596326115447368453e-04
9.578544061302681498e-04
4.789272030651340749e-04
9.578544061302681498e-04
8.709866832584374843e-03
9.578544061302681498e-04
0.000000000000000000e+00
0.000000000000000000e+00
4.342532872944585183e-04
9.578544061302681498e-04
9.578544061302681498e-04
9.578544061302681498e-04
1.041042329832649960e-03
9.578544061302681498e-04
3.192848020434227527e-04
6.444861705188722383e-04
4.789272030651340749e-04
5.706343631903116860e-04
1.596424010217113764e-04
0.000000000000000000e+00
9.578544061302681498e-04
4.105090311986863034e-04
0.000000000000000000e+00
3.640744891915079239e-04
2.394636015325670375e-04
9.578544061302681498e-04
9.578544061302681498e-04
1.197318007662835187e-04
9.578544061302681498e-04
0.000000000000000000e+00
0.000000000000000000e+00
4.789272030651340749e-04
4.789272030651340207e-04
9.578544061302681498e-04
9.578544061302681498e-04
9.169743549261204826e-04
2.394636015325670375e-04
9.578544061302681498e-04
9.578544061302681498e-04
3.215138408600673350e-04
0.000000000000000000e+00
9.578544061302681498e-04
9.578544061302681498e-04
9.578544061302681498e-04
4.789272030651340749e-04
0.000000000000000000e+00
0.000000000000000000e+00
3.788500230709900170e-04
6.835960682346388243e-04
3.453338382896887181e-04
4.274690549217179808e-04
2.394636015325670646e-04
9.578544061302681498e-04
9.578544061302681498e-04
1.090167089332863765e-03
0.000000000000000000e+00
9.578544061302681498e-04
4.789272030651340749e-04
2.720967614729669754e-04
5.596326115447368453e-04
6.444861705188722383e-04
9.578544061302681498e-04
3.744711245280020863e-04
3.582561879474421623e-04
0.000000000000000000e+00
9.578544061302681498e-04
4.789272030651340749e-04
4.829402915992448125e-04
0.000000000000000000e+00
4.298863298904716940e-04
5.101483168944788470e-04
0.000000000000000000e+00
8.485815140591854361e-05
6.704980842911877591e-03
3.872783131058979401e-04
4.401157748100760535e-04
9.578544061302681498e-04
1.915708812260536191e-04
9.254874779733384370e-04
9.578544061302681498e-04
9.578544061302681498e-04
6.567208475171861654e-04
9.578544061302681498e-04
9.578544061302681498e-04
3.264377010119514006e-04
9.578544061302681498e-04
2.873563218390805100e-04
3.074212339549412453e-04
0.000000000000000000e+00
9.578544061302681498e-04
1.596424010217113764e-04
9.578544061302681498e-04
9.578544061302681498e-04
7.165573083064796745e-04
4.789272030651340749e-04
9.578544061302681498e-04
9.578544061302681498e-04
9.578544061302681498e-04
9.578544061302681498e-04
4.789272030651340749e-04
8.841991533099175589e-05
4.829402915992448125e-04
9.578544061302681498e-04
5.596326115447368453e-04
0.000000000000000000e+00
1.563859555742973684e-03
0.000000000000000000e+00
0.000000000000000000e+00
9.578544061302681498e-04
3.371255215680721740e-04
8.766034294572106964e-03
5.158627125474463549e-04
9.578544061302681498e-04
3.420908593322385862e-04
3.157083525591583475e-04
3.575835142445931108e-04
3.945707045892835226e-04
9.578544061302681498e-04
9.578544061302681498e-04
9.578544061302680956e-05
9.578544061302681498e-04
0.000000000000000000e+00
7.273043741899578966e-05
9.578544061302681498e-04
2.394636015325670320e-03
2.394636015325670375e-04
2.394636015325670375e-04
1.197318007662835187e-04
4.789272030651340749e-04
3.352490421455938795e-03
9.578544061302681498e-04
0.000000000000000000e+00
9.578544061302681498e-04
2.117404735142434425e-04
7.313687756054792913e-04
2.366437429494067254e-04
2.394636015325670375e-04
9.345590450300614478e-04
3.264377010119514006e-04
4.789272030651340749e-04
4.069076384125346144e-04
9.578544061302681498e-04
9.899271245960566002e-04
4.789272030651340749e-04
9.578544061302681498e-04
3.032804693593060428e-04
4.789272030651340749e-04
9.578544061302681498e-04
4.067771112986911142e-04
9.379965487572547098e-03
0.000000000000000000e+00
3.999868522243505667e-04
9.578544061302681498e-04
9.578544061302681498e-04
6.704980842911877591e-03
9.578544061302681498e-04
9.578544061302681498e-04
9.578544061302681498e-04
5.786676806985734025e-04
8.959273274248856500e-03
6.453691023672797128e-04
9.578544061302681498e-04
9.578544061302681498e-04
1.915708812260536300e-03
0.000000000000000000e+00
0.000000000000000000e+00
6.906676765793774361e-04
9.578544061302681498e-04
7.439182900085808316e-04
9.578544061302681498e-04
3.264377010119514006e-04
3.192848020434227527e-04
9.578544061302681498e-04
1.436781609195402279e-03
9.842034385935337880e-04
4.789272030651340749e-04
9.578544061302681498e-04
0.000000000000000000e+00
3.420908593322385862e-04
3.442000968337588030e-04
1.915708812260536300e-03
9.578544061302681498e-04
5.214717816162934118e-04
0.000000000000000000e+00
9.578544061302681498e-04
7.912343193554073877e-04
5.109269808234592151e-04
9.578544061302681498e-04
3.192848020434227527e-04
9.578544061302681498e-04
1.915708812260536300e-03
5.581222606750508609e-04
5.214717816162934118e-04
4.231404476745423112e-04
9.578544061302681498e-04
1.915708812260536300e-03
5.520747702972606018e-04
9.578544061302681498e-04
3.442000968337588030e-04
9.578544061302681498e-04
4.433364987996895527e-04
2.889240974963991652e-04
9.578544061302681498e-04
9.578544061302682311e-05
4.043446849104744218e-04
5.260905480526134907e-04
0.000000000000000000e+00
4.789272030651340749e-04
4.789272030651340749e-04
3.192848020434227527e-04
0.000000000000000000e+00
0.000000000000000000e+00
2.394636015325670320e-03
3.831417624521072382e-04
9.777766711834329130e-04
4.789272030651340749e-04
4.789272030651340749e-04
3.640744891915079239e-04
2.394636015325670375e-04
0.000000000000000000e+00
9.578544061302681498e-04
9.578544061302681498e-04
9.578544061302681498e-04
0.000000000000000000e+00
3.453338382896887181e-04
9.578544061302681498e-04
9.578544061302681498e-04
4.789272030651340749e-04
2.873563218390804558e-04
9.578544061302681498e-04
9.578544061302681498e-04
0.000000000000000000e+00
9.578544061302681498e-04
2.394636015325670375e-04
9.578544061302681498e-04
0.000000000000000000e+00
1.172415176346379098e-04
9.578544061302681498e-04
9.578544061302681498e-04
9.578544061302681498e-04
4.571158820071408971e-04
8.430016922566418904e-04
9.578544061302681498e-04
1.441714538620599538e-04
9.578544061302681498e-04
1.187230996225536230e-04
4.789272030651340749e-04
4.789272030651340749e-04
9.578544061302681498e-04
1.493153371808583155e-03
4.828576949715656492e-04
0.000000000000000000e+00
1.852743329667344541e-04
9.578544061302681498e-04
2.394636015325670375e-04
7.258173878043217703e-04
7.258173878043217703e-04
4.418723364717872817e-04
0.000000000000000000e+00
7.982120051085568819e-04
4.789272030651341291e-04
3.872783131058979401e-04
0.000000000000000000e+00
9.578544061302681498e-04
4.789272030651340749e-04
9.578544061302681498e-04
9.578544061302681498e-04
1.000771799941440308e-04
4.342532872944585183e-04
0.000000000000000000e+00
9.578544061302681498e-04
0.000000000000000000e+00
1.915708812260536300e-03
6.716267443725944166e-04
4.203064442478150861e-04
3.591954022988505697e-04
9.578544061302681498e-04
9.578544061302681498e-04
1.852743329667344541e-04
9.578544061302681498e-04
9.578544061302681498e-04
4.318810806725087740e-04
9.578544061302681498e-04
1.596424010217113764e-04
0.000000000000000000e+00
9.578544061302681498e-04
9.578544061302681498e-04
9.578544061302681498e-04
2.893829325081758493e-04
2.700150459908701520e-04
3.847422011113907619e-04
3.891283524904213783e-04
9.578544061302681498e-04
4.789272030651340749e-04
1.573650895612202245e-03
0.000000000000000000e+00
9.578544061302681498e-04
2.394636015325670375e-04
0.000000000000000000e+00
9.578544061302681498e-04
0.000000000000000000e+00
1.998660727276086444e-04
4.789272030651340749e-04
9.578544061302681498e-04
5.278693480815341201e-04
4.257130693912301563e-04
9.578544061302681498e-04
2.394636015325670375e-04
3.192848020434227527e-04
4.298863298904716940e-04
2.394636015325670375e-04
7.725800731635337499e-04
9.578544061302681498e-04
2.873563218390804558e-03
4.828576949715656492e-04
7.290185076061384429e-04
9.578544061302681498e-04
9.578544061302681498e-04
1.852743329667344541e-04
4.789272030651340749e-04
2.095661107094192420e-03
2.821605003088006229e-04
5.768114930979341111e-04
9.578544061302681498e-04
4.789272030651341291e-04
9.578544061302681498e-04
2.394636015325670375e-04
9.578544061302681498e-04
4.789272030651341291e-04
1.596424010217113764e-04
4.789272030651340749e-04
2.394636015325670375e-04
3.991060025542783867e-04
9.592475088689238726e-04
9.578544061302681498e-04
4.789272030651340749e-04
1.632188505059757003e-04
1.131149975808853041e-04
3.591954022988505697e-04
9.578544061302681498e-04
3.122257323621727100e-04
6.967162238490619015e-04
9.578544061302681498e-04
4.789272030651340749e-04
9.578544061302680956e-05
4.789272030651341291e-04
9.578544061302681498e-04
4.789272030651340749e-04
1.596424010217113764e-04
4.789272030651340749e-04
3.157083525591583475e-04
3.192848020434227527e-04
4.298863298904716940e-04
3.264377010119514006e-04
3.876819329925374662e-04
2.671867295508906053e-04
1.596424010217113764e-04
