4.317789291882556473e-04
3.886010362694300446e-03
3.886010362694300446e-03
0.000000000000000000e+00
4.317789291882555931e-04
4.611994982536939732e-04
1.727115716753022372e-03
3.886010362694300446e-03
4.317789291882555931e-04
3.886010362694300446e-03
0.000000000000000000e+00
3.886010362694300446e-03
8.635578583765111862e-04
3.886010362694300446e-03
3.886010362694300446e-03
5.114942932690461248e-04
2.013231990154162529e-03
3.886010362694300446e-03
4.317789291882555931e-04
4.317789291882555931e-04
3.886010362694300446e-03
7.731098089423201261e-05
4.317789291882555931e-04
2.590673575129533775e-03
3.886010362694300446e-03
3.454231433506044745e-03
3.886010362694300446e-03
3.886010362694300446e-03
3.886010362694300446e-03
3.886010362694300446e-03
2.158894645941277965e-04
0.000000000000000000e+00
2.878526194588370982e-04
4.317789291882555931e-04
3.886010362694300446e-03
3.886010362694300446e-03
2.158894645941278074e-03
6.044905008635578954e-03
3.886010362694300446e-03
4.317789291882555931e-04
3.886010362694300446e-03
3.886010362694300446e-03
3.886010362694300446e-03
0.000000000000000000e+00
4.317789291882555931e-04
2.590673575129533775e-03
7.885296447014509148e-04
3.886010362694300446e-03
3.886010362694300446e-03
2.878526194588370982e-04
6.251703020332664319e-04
3.886010362694300446e-03
3.886010362694300446e-03
2.401638069358247166e-04
3.678579639538287851e-04
3.886010362694300446e-03
0.000000000000000000e+00
3.886010362694300446e-03
3.886010362694300446e-03
1.548768357315041767e-03
4.317789291882555931e-04
3.113372428103929578e-04
3.886010362694300446e-03
3.886010362694300446e-03
3.886010362694300446e-03
4.317789291882555931e-04
4.317789291882556473e-04
8.635578583765111862e-04
3.886010362694300446e-03
4.317789291882555931e-04
3.886010362694300446e-03
3.886010362694300446e-03
4.317789291882555931e-04
0.000000000000000000e+00
1.439263097294185491e-04
4.317789291882555931e-04
4.317789291882555931e-04
3.454231433506044203e-04
3.886010362694300446e-03
4.317789291882556473e-04
5.114942932690461248e-04
4.317789291882555931e-04
2.158894645941278074e-03
3.886010362694300446e-03
3.886010362694300446e-03
2.158894645941278236e-04
2.158894645941277965e-04
4.317789291882555931e-04
2.158894645941278074e-03
8.635578583765111862e-04
3.886010362694300446e-03
4.317789291882555931e-04
4.317789291882555931e-04
2.981650940424727860e-04
4.317789291882556473e-04
3.886010362694300446e-03
0.000000000000000000e+00
4.317789291882555931e-04
4.317789291882555931e-04
2.319329426826960785e-04
2.878526194588370982e-04
2.158894645941278236e-04
5.281221275787293832e-04
2.158894645941277965e-04
3.886010362694300446e-03
4.317789291882556473e-04
4.317789291882555931e-04
4.317789291882555931e-04
0.000000000000000000e+00
0.000000000000000000e+00
4.317789291882555931e-04
1.295336787564766888e-03
3.886010362694300446e-03
3.886010362694300446e-03
3.886010362694300446e-03
1.295336787564766888e-03
2.878526194588370982e-04
0.000000000000000000e+00
4.317789291882555931e-04
6.505813867023117845e-04
0.000000000000000000e+00
1.122625215889464434e-03
4.317789291882555931e-04
4.317789291882555931e-04
3.238341968911917219e-04
0.000000000000000000e+00
0.000000000000000000e+00
4.317789291882555931e-04
1.439263097294185491e-04
3.886010362694300446e-03
3.886010362694300446e-03
4.317789291882555931e-04
3.886010362694300446e-03
4.317789291882555931e-04
4.317789291882555931e-04
3.886010362694300446e-03
0.000000000000000000e+00
3.454231433506044203e-04
4.317789291882555931e-04
1.727115716753022372e-03
4.317789291882555931e-04
4.317789291882555931e-04
1.967113385114808576e-04
0.000000000000000000e+00
3.886010362694300446e-03
3.886010362694300446e-03
0.000000000000000000e+00
1.439263097294185491e-04
4.317789291882555931e-04
4.317789291882555931e-04
3.886010362694300446e-03
3.886010362694300446e-03
3.886010362694300446e-03
3.886010362694300446e-03
3.886010362694300446e-03
1.439263097294185491e-04
2.158894645941277965e-04
3.886010362694300446e-03
8.635578583765111862e-04
4.317789291882555931e-04
4.317789291882555931e-04
2.590673575129533775e-03
2.158894645941277965e-04
4.317789291882555931e-04
3.886010362694300446e-03
3.817911128650606990e-04
3.817911128650606990e-04
3.886010362694300446e-03
4.317789291882555931e-04
3.886010362694300446e-03
3.886010362694300446e-03
2.236238205318545895e-04
7.708123990979710936e-04
3.886010362694300446e-03
3.886010362694300446e-03
3.886010362694300446e-03
6.965229675153102561e-04
4.317789291882555931e-04
4.317789291882555931e-04
3.886010362694300446e-03
3.886010362694300446e-03
3.886010362694300446e-03
3.778065630397236846e-04
3.886010362694300446e-03
3.084135208487539951e-04
4.317789291882555931e-04
7.600118883557290374e-04
5.262255685263600609e-04
3.886010362694300446e-03
1.138513022700384582e-04
1.138513022700384582e-04
3.886010362694300446e-03
4.317789291882555931e-04
3.886010362694300446e-03
3.886010362694300446e-03
3.886010362694300446e-03
4.317789291882556473e-04
1.727115716753022101e-04
4.317789291882555931e-04
1.079447322970638983e-04
3.886010362694300446e-03
4.317789291882555931e-04
0.000000000000000000e+00
3.886010362694300446e-03
3.886010362694300446e-03
2.133472086694133073e-04
1.727115716753022372e-03
3.886010362694300446e-03
4.317789291882555931e-04
3.886010362694300446e-03
1.727115716753022372e-03
6.908462867012089489e-03
7.755634511699022746e-04
1.727115716753022372e-03
3.886010362694300446e-03
2.350675906767747355e-04
4.317789291882555931e-04
0.000000000000000000e+00
0.000000000000000000e+00
7.155678772678508801e-04
1.295336787564766888e-03
3.886010362694300446e-03
4.317789291882555931e-04
2.158894645941277965e-04
2.158894645941277965e-04
3.886010362694300446e-03
3.700962250185047941e-04
3.886010362694300446e-03
3.886010362694300446e-03
3.482614837576550196e-04
1.835524107881472905e-03
8.635578583765111862e-04
3.886010362694300446e-03
4.317789291882555931e-04
2.878526194588370982e-04
3.886010362694300446e-03
1.295336787564766888e-03
3.886010362694300446e-03
0.000000000000000000e+00
4.317789291882555931e-04
4.317789291882556473e-04
0.000000000000000000e+00
4.317789291882555389e-04
3.886010362694300446e-03
3.886010362694300446e-03
3.886010362694300446e-03
3.886010362694300446e-03
3.238341968911917219e-04
2.590673575129533775e-03
3.886010362694300446e-03
3.886010362694300446e-03
3.886010362694300446e-03
4.317789291882555931e-04
3.454231433506044203e-04
4.317789291882555931e-04
4.317789291882555931e-04
3.886010362694300446e-03
3.088670096461094278e-04
7.600118883557290374e-04
8.635578583765111862e-04
8.635578583765111862e-04
8.635578583765110507e-05
8.635578583765111862e-04
2.590673575129533775e-03
0.000000000000000000e+00
2.855421078829394640e-04
0.000000000000000000e+00
3.886010362694300446e-03
0.000000000000000000e+00
3.886010362694300446e-03
3.886010362694300446e-03
4.317789291882555931e-04
4.317789291882555931e-04
3.886010362694300446e-03
3.886010362694300446e-03
0.000000000000000000e+00
3.886010362694300446e-03
3.886010362694300446e-03
3.886010362694300446e-03
3.886010362694300446e-03
3.886010362694300446e-03
0.000000000000000000e+00
2.401638069358247166e-04
5.543139347995830815e-04
5.810393454418848322e-04
2.158894645941277965e-04
3.886010362694300446e-03
0.000000000000000000e+00
3.886010362694300446e-03
8.635578583765111862e-04
3.886010362694300446e-03
3.886010362694300446e-03
1.850481125092523970e-04
6.965229675153102561e-04
3.886010362694300446e-03
3.886010362694300446e-03
8.635578583765111862e-04
0.000000000000000000e+00
4.317789291882555931e-04
3.886010362694300446e-03
4.317789291882555931e-04
3.886010362694300446e-03
7.731098089423201261e-05
0.000000000000000000e+00
3.886010362694300446e-03
4.317789291882555931e-04
3.886010362694300446e-03
1.079447322970638983e-04
2.878526194588370982e-04
7.400491905017696345e-04
2.026246658129345882e-04
0.000000000000000000e+00
0.000000000000000000e+00
5.220039515663957167e-04
4.317789291882555931e-04
1.295336787564766888e-03
3.886010362694300446e-03
4.206963516873949436e-04
3.886010362694300446e-03
4.317789291882555931e-04
4.317789291882555931e-04
0.000000000000000000e+00
3.454231433506044203e-04
3.886010362694300446e-03
3.886010362694300446e-03
3.886010362694300446e-03
3.886010362694300446e-03
3.886010362694300446e-03
3.817911128650606990e-04
3.886010362694300446e-03
0.000000000000000000e+00
3.886010362694300446e-03
3.886010362694300446e-03
3.898876061101443362e-04
3.886010362694300446e-03
3.886010362694300446e-03
3.598157743235463456e-04
5.780157504935717764e-04
4.317789291882555931e-04
8.635578583765111862e-04
0.000000000000000000e+00
3.886010362694300446e-03
4.317789291882555931e-04
5.559070109075740134e-04
3.886010362694300446e-03
2.158894645941277965e-04
5.105738976443537644e-04
6.044905008635578954e-03
4.317789291882555931e-04
3.886010362694300446e-03
2.878526194588370982e-04
2.229202499776677298e-04
3.886010362694300446e-03
0.000000000000000000e+00
0.000000000000000000e+00
3.886010362694300446e-03
4.650783004313765079e-04
0.000000000000000000e+00
3.886010362694300446e-03
1.295336787564766888e-03
4.317789291882555931e-04
3.617977010392391026e-04
3.454231433506044745e-03
3.886010362694300446e-03
3.886010362694300446e-03
0.000000000000000000e+00
5.810393454418848322e-04
3.886010362694300446e-03
4.317789291882555931e-04
3.886010362694300446e-03
3.886010362694300446e-03
3.238341968911916677e-04
4.317789291882555931e-04
7.600118883557290374e-04
0.000000000000000000e+00
3.886010362694300446e-03
7.772020725388600676e-04
3.886010362694300446e-03
3.778065630397236846e-04
4.630189605618256006e-04
4.317789291882556473e-04
9.417283764487545134e-05
3.886010362694300446e-03
4.206963516873949436e-04
2.590673575129533775e-03
3.886010362694300446e-03
1.233654083395015980e-04
2.408833727557252165e-04
3.886010362694300446e-03
4.317789291882555931e-04
0.000000000000000000e+00
3.886010362694300446e-03
3.886010362694300446e-03
3.886010362694300446e-03
3.886010362694300446e-03
4.317789291882555931e-04
3.886010362694300446e-03
4.317789291882555931e-04
4.317789291882555931e-04
3.886010362694300446e-03
0.000000000000000000e+00
3.886010362694300446e-03
4.317789291882555931e-04
3.886010362694300446e-03
4.317789291882555931e-04
4.317789291882555931e-04
8.635578583765111862e-04
4.848012591054059496e-04
3.886010362694300446e-03
3.886010362694300446e-03
0.000000000000000000e+00
8.635578583765111862e-04
4.317789291882555931e-04
1.035459700207821217e-04
2.158894645941278074e-03
3.886010362694300446e-03
3.886010362694300446e-03
1.439263097294185491e-04
2.878526194588370982e-04
2.158894645941278074e-03
3.886010362694300446e-03
3.886010362694300446e-03
3.886010362694300446e-03
3.886010362694300446e-03
3.886010362694300446e-03
2.565251015882388883e-03
4.317789291882555931e-04
3.886010362694300446e-03
8.525161446672969079e-04
3.886010362694300446e-03
3.886010362694300446e-03
8.635578583765111862e-04
4.317789291882555931e-04
4.317789291882555931e-04
8.635578583765111862e-04
5.220039515663957167e-04
2.878526194588370982e-04
3.886010362694300446e-03
4.611994982536939190e-04
3.778065630397236846e-04
0.000000000000000000e+00
3.886010362694300446e-03
0.000000000000000000e+00
3.886010362694300446e-03
3.886010362694300446e-03
3.886010362694300446e-03
0.000000000000000000e+00
3.886010362694300446e-03
3.358280560353098937e-04
3.886010362694300446e-03
0.000000000000000000e+00
4.317789291882555931e-04
3.886010362694300446e-03
3.886010362694300446e-03
3.886010362694300446e-03
4.317789291882555931e-04
0.000000000000000000e+00
4.317789291882555931e-04
4.317789291882555931e-04
3.886010362694300446e-03
4.317789291882555931e-04
4.317789291882555931e-04
4.317789291882556473e-04
3.886010362694300446e-03
3.886010362694300446e-03
3.886010362694300446e-03
1.727115716753022372e-03
3.886010362694300446e-03
3.454231433506044203e-04
4.317789291882555931e-04
3.886010362694300446e-03
1.104441231132236457e-03
2.590673575129533775e-03
3.886010362694300446e-03
3.886010362694300446e-03
3.886010362694300446e-03
6.564659183349469971e-04
3.886010362694300446e-03
0.000000000000000000e+00
3.886010362694300446e-03
3.454231433506044203e-04
5.017601573372721920e-04
0.000000000000000000e+00
0.000000000000000000e+00
4.317789291882555931e-04
3.886010362694300446e-03
3.886010362694300446e-03
4.317789291882556473e-04
0.000000000000000000e+00
4.317789291882555931e-04
4.317789291882556473e-04
4.317789291882555931e-04
2.918164728902225579e-04
0.000000000000000000e+00
3.886010362694300446e-03
0.000000000000000000e+00
4.749568221070811849e-03
1.439263097294185491e-04
4.317789291882555931e-04
4.317789291882555931e-04
0.000000000000000000e+00
3.886010362694300446e-03
3.238341968911916677e-04
0.000000000000000000e+00
1.439263097294185491e-04
0.000000000000000000e+00
3.886010362694300446e-03
3.886010362694300446e-03
4.317789291882556473e-04
4.317789291882555931e-04
3.886010362694300446e-03
2.981650940424727860e-04
4.317789291882556473e-04
4.317789291882555931e-04
0.000000000000000000e+00
3.886010362694300446e-03
3.886010362694300446e-03
3.886010362694300446e-03
8.635578583765111862e-04
1.439263097294185491e-04
8.635578583765111862e-04
4.317789291882555931e-04
3.598157743235463456e-04
6.352286718059665938e-04
2.878526194588370982e-04
3.886010362694300446e-03
3.727063675530910367e-04
0.000000000000000000e+00
0.000000000000000000e+00
0.000000000000000000e+00
3.886010362694300446e-03
0.000000000000000000e+00
1.908955564325303495e-04
3.886010362694300446e-03
4.317789291882555931e-04
3.886010362694300446e-03
8.635578583765111862e-04
3.886010362694300446e-03
4.317789291882555931e-04
0.000000000000000000e+00
7.650424012761567914e-05
0.000000000000000000e+00
4.317789291882555931e-04
0.000000000000000000e+00
0.000000000000000000e+00
3.886010362694300446e-03
6.044905008635578954e-03
3.886010362694300446e-03
4.701351813535495252e-04
4.317789291882555931e-04
1.895047961071693763e-03
3.886010362694300446e-03
2.878526194588370982e-04
4.317789291882555931e-04
3.886010362694300446e-03
3.886010362694300446e-03
4.630189605618256006e-04
0.000000000000000000e+00
7.772020725388600676e-04
3.886010362694300446e-03
3.886010362694300446e-03
4.317789291882555931e-04
4.317789291882555389e-04
4.317789291882555931e-04
3.886010362694300446e-03
4.317789291882555931e-04
4.317789291882555931e-04
0.000000000000000000e+00
2.878526194588370982e-04
0.000000000000000000e+00
3.886010362694300446e-03
4.206963516873949436e-04
4.317789291882555931e-04
8.635578583765111862e-04
4.317789291882555931e-04
2.878526194588370982e-04
5.810393454418848322e-04
2.855421078829394640e-04
3.886010362694300446e-03
3.886010362694300446e-03
3.886010362694300446e-03
7.756057390681070189e-04
0.000000000000000000e+00
1.727115716753022372e-03
0.000000000000000000e+00
0.000000000000000000e+00
3.886010362694300446e-03
0.000000000000000000e+00
3.886010362694300446e-03
8.635578583765111862e-04
0.000000000000000000e+00
0.000000000000000000e+00
3.886010362694300446e-03
3.886010362694300446e-03
3.886010362694300446e-03
0.000000000000000000e+00
3.886010362694300446e-03
8.635578583765111862e-04
3.886010362694300446e-03
3.886010362694300446e-03
3.886010362694300446e-03
4.317789291882555931e-04
3.886010362694300446e-03
3.886010362694300446e-03
3.886010362694300446e-03
8.635578583765111862e-04
3.886010362694300446e-03
3.886010362694300446e-03
1.295336787564766888e-03
4.317789291882555931e-04
3.886010362694300446e-03
4.317789291882555931e-04
3.886010362694300446e-03
8.635578583765111862e-04
1.188217795311288056e-03
3.817911128650606990e-04
1.850481125092523970e-04
3.886010362694300446e-03
6.044905008635578954e-03
3.886010362694300446e-03
3.886010362694300446e-03
3.598157743235463456e-04
4.317789291882555931e-04
3.886010362694300446e-03
2.590673575129533775e-03
4.317789291882555931e-04
0.000000000000000000e+00
3.886010362694300446e-03
3.886010362694300446e-03
0.000000000000000000e+00
5.397236614853195185e-04
6.716561120706196790e-04
4.317789291882555931e-04
0.000000000000000000e+00
3.886010362694300446e-03
4.317789291882555931e-04
3.886010362694300446e-03
8.525161446672969079e-04
3.886010362694300446e-03
3.886010362694300446e-03
1.439263097294185491e-04
4.317789291882555931e-04
4.317789291882555931e-04
3.886010362694300446e-03
3.886010362694300446e-03
3.886010362694300446e-03
4.317789291882555931e-04
3.886010362694300446e-03
4.317789291882555931e-04
1.670348908612010114e-04
3.886010362694300446e-03
3.886010362694300446e-03
2.590673575129533775e-03
3.886010362694300446e-03
3.454231433506044203e-04
3.886010362694300446e-03
3.238341968911916677e-04
4.317789291882556473e-04
4.317789291882555931e-04
3.886010362694300446e-03
3.886010362694300446e-03
4.317789291882555931e-04
4.317789291882556473e-04
3.886010362694300446e-03
3.886010362694300446e-03
3.886010362694300446e-03
8.635578583765111862e-04
4.317789291882555931e-04
3.886010362694300446e-03
3.886010362694300446e-03
3.886010362694300446e-03
0.000000000000000000e+00
3.886010362694300446e-03
3.886010362694300446e-03
4.317789291882555931e-04
0.000000000000000000e+00
3.376060915433801417e-04
3.886010362694300446e-03
0.000000000000000000e+00
0.000000000000000000e+00
3.886010362694300446e-03
3.886010362694300446e-03
4.317789291882555931e-04
2.878526194588370982e-04
3.886010362694300446e-03
4.317789291882556473e-04
4.317789291882555931e-04
2.319329426826960785e-04
1.225350056113275155e-04
8.635578583765111862e-04
3.886010362694300446e-03
3.886010362694300446e-03
6.557044617049361467e-05
3.886010362694300446e-03
2.158894645941277965e-04
0.000000000000000000e+00
3.886010362694300446e-03
0.000000000000000000e+00
2.158894645941278236e-04
1.295336787564766888e-03
4.317789291882555931e-04
2.698618307426597592e-04
0.000000000000000000e+00
3.886010362694300446e-03
0.000000000000000000e+00
3.886010362694300446e-03
0.000000000000000000e+00
3.886010362694300446e-03
3.886010362694300446e-03
0.000000000000000000e+00
4.317789291882555931e-04
3.886010362694300446e-03
4.317789291882555931e-04
0.000000000000000000e+00
1.295336787564766888e-03
3.886010362694300446e-03
0.000000000000000000e+00
1.439263097294185491e-04
4.317789291882555931e-04
3.886010362694300446e-03
3.886010362694300446e-03
3.886010362694300446e-03
0.000000000000000000e+00
3.886010362694300446e-03
4.317789291882555931e-04
0.000000000000000000e+00
2.878526194588370982e-04
0.000000000000000000e+00
6.044905008635578954e-03
1.439263097294185491e-04
4.749568221070811849e-03
4.317789291882556473e-04
3.886010362694300446e-03
3.886010362694300446e-03
4.317789291882555931e-04
0.000000000000000000e+00
2.878526194588370982e-04
4.317789291882555931e-04
3.886010362694300446e-03
2.878526194588370982e-04
4.317789291882555931e-04
8.635578583765111862e-04
3.454231433506044203e-04
4.749568221070811849e-03
0.000000000000000000e+00
3.886010362694300446e-03
3.886010362694300446e-03
2.878526194588370982e-04
0.000000000000000000e+00
6.401538777761965312e-04
0.000000000000000000e+00
3.886010362694300446e-03
3.886010362694300446e-03
2.158894645941277965e-04
3.454231433506044203e-04
3.886010362694300446e-03
4.317789291882555931e-04
3.886010362694300446e-03
3.886010362694300446e-03
6.965229675153102561e-04
3.886010362694300446e-03
3.886010362694300446e-03
3.886010362694300446e-03
0.000000000000000000e+00
3.886010362694300446e-03
0.000000000000000000e+00
4.317789291882555931e-04
3.886010362694300446e-03
3.886010362694300446e-03
3.886010362694300446e-03
2.319329426826960243e-04
3.886010362694300446e-03
4.317789291882555931e-04
2.918164728902225579e-04
3.886010362694300446e-03
3.886010362694300446e-03
8.635578583765111862e-04
0.000000000000000000e+00
2.158894645941277965e-04
0.000000000000000000e+00
7.440974188012486595e-04
3.886010362694300446e-03
4.104326790727947033e-04
4.317789291882555931e-04
1.727115716753022372e-03
3.886010362694300446e-03
0.000000000000000000e+00
2.434332538985046904e-04
2.158894645941277965e-04
3.886010362694300446e-03
4.317789291882555931e-04
8.635578583765111862e-04
3.996919730111190834e-04
2.158894645941277965e-04
3.886010362694300446e-03
3.886010362694300446e-03
6.645873942774792754e-04
4.317789291882555931e-04
3.886010362694300446e-03
3.886010362694300446e-03
4.317789291882555931e-04
3.886010362694300446e-03
3.886010362694300446e-03
3.700962250185047941e-04
4.317789291882555931e-04
3.886010362694300446e-03
3.598157743235463456e-04
4.317789291882555931e-04
0.000000000000000000e+00
3.991396634087297128e-04
3.886010362694300446e-03
3.886010362694300446e-03
3.886010362694300446e-03
4.185875459214944208e-04
3.886010362694300446e-03
3.886010362694300446e-03
3.886010362694300446e-03
4.317789291882555931e-04
2.319329426826960785e-04
4.317789291882555931e-04
3.886010362694300446e-03
3.886010362694300446e-03
3.482614837576551280e-04
1.363840206411555444e-03
4.317789291882555931e-04
2.878526194588370982e-04
4.317789291882555931e-04
3.886010362694300446e-03
8.525161446672969079e-04
2.158894645941277965e-04
4.317789291882555931e-04
8.199540086168003242e-04
0.000000000000000000e+00
4.630189605618256006e-04
3.886010362694300446e-03
3.088670096461094278e-04
2.878526194588370982e-04
3.886010362694300446e-03
3.886010362694300446e-03
4.317789291882555931e-04
3.886010362694300446e-03
8.635578583765111862e-04
3.886010362694300446e-03
0.000000000000000000e+00
4.317789291882555931e-04
4.317789291882555931e-04
3.886010362694300446e-03
3.482614837576550196e-04
4.630189605618256006e-04
3.886010362694300446e-03
4.317789291882555931e-04
8.635578583765111862e-04
4.317789291882555931e-04
3.886010362694300446e-03
3.886010362694300446e-03
4.317789291882555931e-04
0.000000000000000000e+00
0.000000000000000000e+00
3.886010362694300446e-03
4.317789291882555931e-04
8.525161446672969079e-04
3.886010362694300446e-03
3.886010362694300446e-03
1.727115716753022372e-03
1.727115716753022372e-03
3.886010362694300446e-03
3.544679482940235669e-04
2.685826002906258666e-04
3.886010362694300446e-03
4.317789291882555931e-04
9.252405625462619852e-04
1.439263097294185491e-04
3.886010362694300446e-03
3.886010362694300446e-03
3.886010362694300446e-03
0.000000000000000000e+00
3.886010362694300446e-03
4.317789291882555931e-04
3.926936701521339295e-04
4.317789291882555931e-04
0.000000000000000000e+00
3.886010362694300446e-03
1.883456752897509027e-04
3.886010362694300446e-03
3.886010362694300446e-03
3.886010362694300446e-03
3.886010362694300446e-03
3.886010362694300446e-03
3.886010362694300446e-03
3.886010362694300446e-03
6.012760736945366733e-04
3.886010362694300446e-03
3.886010362694300446e-03
1.806625295667938988e-04
4.317789291882555931e-04
0.000000000000000000e+00
1.439263097294185491e-04
3.886010362694300446e-03
0.000000000000000000e+00
3.886010362694300446e-03
1.950938481186429666e-04
0.000000000000000000e+00
3.238341968911916677e-04
4.317789291882555931e-04
8.635578583765111862e-04
0.000000000000000000e+00
4.317789291882555931e-04
2.628713257028875909e-04
3.886010362694300446e-03
3.886010362694300446e-03
4.317789291882555931e-04
3.886010362694300446e-03
0.000000000000000000e+00
3.886010362694300446e-03
0.000000000000000000e+00
8.635578583765111862e-04
3.886010362694300446e-03
3.886010362694300446e-03
0.000000000000000000e+00
2.319329426826960243e-04
0.000000000000000000e+00
3.886010362694300446e-03
3.886010362694300446e-03
4.317789291882555931e-04
4.317789291882555931e-04
3.886010362694300446e-03
0.000000000000000000e+00
3.886010362694300446e-03
3.886010362694300446e-03
0.000000000000000000e+00
4.317789291882555931e-04
4.317789291882556473e-04
4.317789291882555931e-04
3.886010362694300446e-03
3.886010362694300446e-03
4.317789291882555931e-04
7.155678772678508801e-04
3.886010362694300446e-03
0.000000000000000000e+00
3.886010362694300446e-03
4.317789291882555931e-04
0.000000000000000000e+00
3.886010362694300446e-03
3.886010362694300446e-03
2.158894645941277965e-04
0.000000000000000000e+00
4.317789291882555931e-04
3.886010362694300446e-03
3.886010362694300446e-03
3.886010362694300446e-03
3.376060915433801417e-04
2.590673575129533775e-03
3.886010362694300446e-03
2.878526194588370982e-04
4.630189605618256006e-04
3.886010362694300446e-03
2.878526194588370982e-04
3.886010362694300446e-03
2.236238205318545895e-04
0.000000000000000000e+00
4.317789291882555931e-04
6.965229675153102561e-04
4.317789291882555931e-04
8.635578583765111862e-04
4.317789291882555931e-04
3.886010362694300446e-03
3.886010362694300446e-03
3.084135208487539951e-04
1.136323379553869951e-03
6.182550591080669200e-04
3.886010362694300446e-03
7.885296447014509148e-04
4.317789291882555931e-04
3.886010362694300446e-03
2.878526194588370982e-04
3.886010362694300446e-03
2.319329426826960785e-04
3.886010362694300446e-03
3.886010362694300446e-03
2.590673575129533775e-03
2.236238205318545895e-04
1.295336787564766888e-03
3.886010362694300446e-03
0.000000000000000000e+00
3.886010362694300446e-03
4.317789291882555931e-04
2.378338103421301331e-04
3.454231433506044203e-04
4.317789291882555931e-04
4.317789291882555931e-04
3.886010362694300446e-03
3.886010362694300446e-03
2.878526194588370982e-04
3.886010362694300446e-03
3.886010362694300446e-03
4.317789291882555931e-04
0.000000000000000000e+00
3.886010362694300446e-03
0.000000000000000000e+00
4.317789291882555931e-04
4.317789291882555931e-04
3.886010362694300446e-03
3.886010362694300446e-03
4.317789291882555931e-04
4.317789291882556473e-04
0.000000000000000000e+00
3.886010362694300446e-03
3.886010362694300446e-03
5.029479501535215162e-05
4.317789291882555931e-04
0.000000000000000000e+00
4.317789291882555931e-04
4.317789291882555931e-04
2.026246658129345882e-04
3.886010362694300446e-03
4.317789291882555931e-04
0.000000000000000000e+00
4.317789291882555931e-04
8.635578583765111862e-04
1.127690294059345870e-03
4.317789291882555931e-04
3.886010362694300446e-03
1.727115716753022372e-03
3.886010362694300446e-03
0.000000000000000000e+00
0.000000000000000000e+00
3.886010362694300446e-03
3.886010362694300446e-03
0.000000000000000000e+00
3.886010362694300446e-03
3.886010362694300446e-03
3.996919730111190834e-04
3.886010362694300446e-03
1.035459700207821217e-04
1.295336787564766888e-03
4.317789291882556473e-04
3.886010362694300446e-03
4.317789291882555931e-04
4.317789291882555931e-04
0.000000000000000000e+00
2.878526194588370982e-04
4.317789291882556473e-04
1.295336787564766888e-03
3.886010362694300446e-03
0.000000000000000000e+00
3.886010362694300446e-03
2.026246658129345882e-04
3.886010362694300446e-03
3.886010362694300446e-03
8.635578583765111862e-04
2.878526194588370982e-04
7.155678772678508801e-04
4.317789291882555931e-04
1.204416863778626082e-04
4.989940223839960240e-04
4.317789291882555931e-04
3.886010362694300446e-03
3.886010362694300446e-03
4.317789291882555931e-04
1.035459700207821488e-04
3.886010362694300446e-03
4.317789291882555931e-04
3.886010362694300446e-03
3.886010362694300446e-03
3.886010362694300446e-03
3.886010362694300446e-03
3.886010362694300446e-03
3.886010362694300446e-03
3.886010362694300446e-03
0.000000000000000000e+00
4.317789291882555931e-04
7.870536182488954528e-04
4.317789291882555931e-04
3.886010362694300446e-03
3.886010362694300446e-03
4.317789291882555931e-04
3.886010362694300446e-03
3.886010362694300446e-03
4.317789291882555931e-04
3.700962250185047941e-04
1.850481125092523970e-04
3.886010362694300446e-03
3.886010362694300446e-03
3.926936701521339295e-04
3.886010362694300446e-03
7.708123990979710936e-04
3.886010362694300446e-03
0.000000000000000000e+00
0.000000000000000000e+00
3.886010362694300446e-03
4.317789291882556473e-04
0.000000000000000000e+00
1.295336787564766888e-03
0.000000000000000000e+00
3.886010362694300446e-03
1.007484168105929898e-03
9.135456746997060260e-04
4.317789291882555931e-04
2.855421078829394640e-04
3.886010362694300446e-03
3.886010362694300446e-03
3.886010362694300446e-03
4.317789291882555931e-04
3.886010362694300446e-03
3.886010362694300446e-03
3.092439235769281047e-04
3.886010362694300446e-03
2.878526194588370982e-04
3.886010362694300446e-03
4.317789291882555931e-04
2.158894645941277965e-04
1.739064035144599759e-04
2.590673575129533775e-03
3.886010362694300446e-03
3.886010362694300446e-03
4.317789291882555931e-04
3.886010362694300446e-03
3.886010362694300446e-03
4.317789291882555931e-04
4.317789291882555931e-04
5.951352952976888622e-04
3.886010362694300446e-03
4.317789291882555931e-04
2.878526194588370982e-04
3.886010362694300446e-03
2.158894645941277965e-04
3.886010362694300446e-03
3.886010362694300446e-03
8.199540086168003242e-04
4.317789291882556473e-04
3.886010362694300446e-03
4.317789291882556473e-04
4.317789291882555931e-04
1.023537009124605079e-03
3.022452504317789477e-03
2.158894645941278074e-03
4.317789291882555931e-04
4.317789291882555931e-04
2.590673575129533775e-03
7.756057390681070189e-04
7.016407599309154065e-04
4.317789291882555931e-04
1.850481125092523970e-04
4.317789291882555931e-04
4.317789291882555931e-04
2.208153661987327827e-03
2.319329426826960785e-04
8.635578583765111862e-04
3.886010362694300446e-03
3.886010362694300446e-03
0.000000000000000000e+00
3.886010362694300446e-03
3.886010362694300446e-03
6.401538777761965312e-04
3.886010362694300446e-03
2.158894645941277965e-04
3.886010362694300446e-03
3.886010362694300446e-03
0.000000000000000000e+00
1.233654083395015980e-04
0.000000000000000000e+00
3.886010362694300446e-03
1.295336787564766888e-03
0.000000000000000000e+00
4.317789291882556473e-04
2.158894645941277965e-04
0.000000000000000000e+00
2.158894645941277965e-04
0.000000000000000000e+00
3.886010362694300446e-03
3.088670096461094278e-04
4.767169789000180323e-04
3.886010362694300446e-03
3.886010362694300446e-03
3.482614837576551280e-04
5.810393454418848322e-04
1.225350056113275155e-04
8.635578583765111862e-04
3.886010362694300446e-03
0.000000000000000000e+00
1.967113385114808576e-04
4.317789291882555931e-04
0.000000000000000000e+00
3.886010362694300446e-03
4.317789291882555931e-04
3.886010362694300446e-03
3.886010362694300446e-03
4.317789291882555931e-04
3.886010362694300446e-03
4.317789291882555931e-04
3.886010362694300446e-03
8.635578583765111862e-04
2.878526194588370982e-04
1.439263097294185491e-04
3.886010362694300446e-03
3.084135208487539951e-04
3.886010362694300446e-03
3.886010362694300446e-03
3.886010362694300446e-03
4.317789291882555931e-04
4.317789291882555931e-04
8.199540086168003242e-04
0.000000000000000000e+00
4.317789291882555931e-04
1.439263097294185491e-04
4.317789291882555931e-04
8.635578583765111862e-04
4.317789291882555931e-04
8.525161446672969079e-04
0.000000000000000000e+00
3.617977010392391026e-04
3.886010362694300446e-03
3.886010362694300446e-03
2.878526194588370982e-04
3.886010362694300446e-03
3.886010362694300446e-03
4.317789291882555931e-04
4.317789291882555931e-04
3.886010362694300446e-03
1.727115716753022372e-03
4.317789291882555931e-04
4.317789291882555931e-04
3.886010362694300446e-03
3.886010362694300446e-03
3.886010362694300446e-03
2.158894645941277965e-04
3.778065630397236846e-04
0.000000000000000000e+00
4.317789291882555931e-04
3.886010362694300446e-03
0.000000000000000000e+00
1.007484168105929898e-03
3.886010362694300446e-03
3.886010362694300446e-03
3.886010362694300446e-03
3.482614837576551280e-04
3.886010362694300446e-03
3.886010362694300446e-03
3.886010362694300446e-03
3.925262992620504997e-04
3.886010362694300446e-03
3.886010362694300446e-03
8.525161446672969079e-04
3.886010362694300446e-03
3.886010362694300446e-03
0.000000000000000000e+00
3.886010362694300446e-03
3.886010362694300446e-03
4.317789291882555931e-04
3.886010362694300446e-03
3.886010362694300446e-03
0.000000000000000000e+00
0.000000000000000000e+00
3.886010362694300446e-03
0.000000000000000000e+00
1.727115716753022372e-03
1.439263097294185491e-04
3.886010362694300446e-03
3.886010362694300446e-03
3.886010362694300446e-03
2.878526194588370982e-04
3.886010362694300446e-03
0.000000000000000000e+00
1.439263097294185491e-04
3.886010362694300446e-03
5.294880766541092175e-04
3.886010362694300446e-03
3.886010362694300446e-03
0.000000000000000000e+00
4.317789291882555931e-04
3.886010362694300446e-03
3.886010362694300446e-03
4.317789291882555931e-04
3.238341968911916677e-04
3.886010362694300446e-03
0.000000000000000000e+00
4.317789291882555931e-04
4.317789291882555931e-04
2.158894645941277965e-04
2.590673575129533775e-03
6.965229675153102561e-04
4.317789291882555931e-04
3.817911128650606990e-04
3.886010362694300446e-03
3.886010362694300446e-03
4.317789291882555931e-04
3.886010362694300446e-03
4.317789291882555931e-04
3.886010362694300446e-03
8.322678018694370941e-04
4.317789291882555931e-04
4.317789291882555931e-04
1.439263097294185491e-04
3.886010362694300446e-03
3.886010362694300446e-03
4.317789291882555931e-04
4.317789291882556473e-04
4.317789291882555931e-04
8.635578583765111862e-04
4.317789291882555931e-04
3.886010362694300446e-03
3.454231433506044745e-03
0.000000000000000000e+00
2.467308166790031961e-04
3.886010362694300446e-03
4.317789291882555931e-04
0.000000000000000000e+00
3.886010362694300446e-03
3.886010362694300446e-03
1.727115716753022372e-04
4.317789291882555931e-04
3.886010362694300446e-03
4.848012591054059496e-04
3.886010362694300446e-03
3.886010362694300446e-03
1.727115716753022101e-04
1.381247842977555542e-03
3.886010362694300446e-03
3.886010362694300446e-03
4.317789291882555931e-04
4.317789291882555931e-04
8.635578583765111862e-04
0.000000000000000000e+00
4.317789291882555931e-04
3.886010362694300446e-03
3.886010362694300446e-03
8.635578583765111862e-04
0.000000000000000000e+00
3.886010362694300446e-03
4.317789291882555931e-04
3.886010362694300446e-03
4.317789291882556473e-04
1.439263097294185491e-04
1.883827831920022590e-04
4.317789291882555931e-04
3.238341968911916677e-04
4.317789291882555931e-04
3.886010362694300446e-03
1.670348908612010114e-04
0.000000000000000000e+00
4.317789291882555931e-04
2.378338103421301331e-04
3.886010362694300446e-03
0.000000000000000000e+00
3.886010362694300446e-03
3.113372428103929578e-04
3.886010362694300446e-03
2.236238205318545895e-04
2.158894645941277965e-04
0.000000000000000000e+00
3.886010362694300446e-03
2.158894645941277694e-04
3.886010362694300446e-03
7.600118883557290374e-04
3.886010362694300446e-03
3.886010362694300446e-03
3.886010362694300446e-03
3.886010362694300446e-03
2.158894645941277965e-04
4.317789291882555931e-04
3.700962250185047941e-04
3.886010362694300446e-03
3.886010362694300446e-03
3.886010362694300446e-03
3.886010362694300446e-03
3.886010362694300446e-03
1.439263097294185491e-04
1.439263097294185491e-04
3.886010362694300446e-03
4.317789291882555931e-04
4.317789291882555931e-04
0.000000000000000000e+00
3.886010362694300446e-03
4.317789291882555931e-04
3.886010362694300446e-03
3.238341968911916677e-04
4.317789291882555931e-04
2.878526194588370982e-04
4.630189605618256006e-04
3.886010362694300446e-03
3.886010362694300446e-03
3.886010362694300446e-03
4.572677276441689019e-04
3.886010362694300446e-03
3.886010362694300446e-03
3.886010362694300446e-03
0.000000000000000000e+00
4.317789291882555931e-04
2.077983615350641796e-03
2.158894645941277965e-04
3.678579639538287851e-04
1.439263097294185491e-04
3.238341968911916677e-04
3.886010362694300446e-03
2.158894645941278074e-03
0.000000000000000000e+00
0.000000000000000000e+00
2.158894645941277965e-04
3.886010362694300446e-03
4.317789291882555931e-04
3.886010362694300446e-03
2.981650940424727860e-04
3.886010362694300446e-03
3.238341968911916677e-04
3.617977010392391026e-04
3.886010362694300446e-03
4.317789291882555931e-04
0.000000000000000000e+00
3.886010362694300446e-03
3.886010362694300446e-03
3.238341968911916677e-04
2.158894645941277965e-04
4.317789291882555931e-04
8.635578583765111862e-04
3.886010362694300446e-03
3.886010362694300446e-03
3.886010362694300446e-03
4.317789291882555931e-04
3.886010362694300446e-03
1.835524107881472905e-03
2.878526194588370982e-04
4.317789291882555931e-04
6.044905008635578954e-03
3.886010362694300446e-03
4.317789291882555931e-04
1.204416863778626082e-04
3.886010362694300446e-03
4.317789291882555931e-04
1.727115716753022101e-04
2.590673575129533016e-04
4.317789291882555931e-04
0.000000000000000000e+00
3.886010362694300446e-03
3.238341968911916677e-04
0.000000000000000000e+00
4.551270513482672127e-04
0.000000000000000000e+00
4.317789291882555931e-04
0.000000000000000000e+00
1.005895900307043032e-04
4.317789291882555931e-04
0.000000000000000000e+00
2.508800786686360960e-04
2.158894645941277965e-04
4.317789291882555931e-04
2.158894645941277965e-04
3.886010362694300446e-03
1.138513022700384582e-04
3.886010362694300446e-03
3.886010362694300446e-03
5.220039515663957167e-04
2.158894645941277965e-04
2.158894645941277965e-04
2.158894645941277965e-04
4.630189605618256006e-04
2.981650940424727860e-04
2.878526194588370982e-04
4.317789291882556473e-04
0.000000000000000000e+00
7.826833718614911988e-04
4.317789291882555931e-04
0.000000000000000000e+00
4.317789291882555931e-04
3.886010362694300446e-03
3.886010362694300446e-03
0.000000000000000000e+00
8.635578583765111862e-04
7.497065561064728770e-04
4.317789291882555931e-04
2.236238205318545895e-04
3.886010362694300446e-03
4.317789291882555931e-04
4.317789291882555931e-04
0.000000000000000000e+00
3.886010362694300446e-03
2.378338103421301331e-04
3.886010362694300446e-03
4.317789291882555931e-04
3.886010362694300446e-03
3.886010362694300446e-03
4.317789291882555931e-04
3.886010362694300446e-03
3.886010362694300446e-03
3.886010362694300446e-03
3.817911128650606990e-04
3.886010362694300446e-03
3.778065630397236846e-04
3.886010362694300446e-03
4.317789291882556473e-04
3.886010362694300446e-03
3.886010362694300446e-03
3.886010362694300446e-03
3.886010362694300446e-03
3.886010362694300446e-03
3.886010362694300446e-03
2.158894645941277965e-04
3.886010362694300446e-03
3.886010362694300446e-03
3.886010362694300446e-03
1.295336787564766888e-03
8.635578583765111862e-04
3.886010362694300446e-03
6.143602708991252820e-04
0.000000000000000000e+00
4.701351813535495252e-04
3.886010362694300446e-03
4.317789291882555931e-04
3.886010362694300446e-03
1.670348908612010114e-04
4.317789291882555931e-04
1.565634731840358273e-03
3.886010362694300446e-03
1.516139642333054916e-03
2.158894645941277965e-04
3.886010362694300446e-03
4.317789291882555931e-04
3.886010362694300446e-03
3.886010362694300446e-03
4.317789291882555931e-04
3.886010362694300446e-03
3.886010362694300446e-03
3.886010362694300446e-03
4.317789291882555931e-04
3.886010362694300446e-03
0.000000000000000000e+00
0.000000000000000000e+00
1.727115716753022372e-03
3.886010362694300446e-03
4.317789291882555931e-04
8.635578583765111862e-04
4.317789291882555931e-04
3.886010362694300446e-03
3.886010362694300446e-03
3.886010362694300446e-03
3.886010362694300446e-03
1.908955564325303495e-04
3.886010362694300446e-03
6.226744856207859155e-04
4.317789291882555931e-04
3.886010362694300446e-03
3.886010362694300446e-03
4.317789291882555931e-04
0.000000000000000000e+00
1.439263097294185491e-04
4.317789291882555931e-04
4.317789291882555931e-04
3.886010362694300446e-03
3.886010362694300446e-03
2.158894645941278074e-03
3.886010362694300446e-03
0.000000000000000000e+00
2.878526194588370982e-04
1.295336787564766888e-03
2.878526194588370982e-04
2.158894645941277965e-04
3.886010362694300446e-03
9.252405625462619852e-04
4.317789291882555931e-04
0.000000000000000000e+00
3.886010362694300446e-03
8.038276385888799228e-04
4.317789291882555931e-04
4.317789291882555931e-04
4.185875459214944208e-04
3.886010362694300446e-03
2.228039118538826125e-03
4.317789291882555931e-04
3.886010362694300446e-03
3.886010362694300446e-03
1.670348908612010114e-04
3.886010362694300446e-03
3.886010362694300446e-03
6.044905008635578954e-03
4.317789291882555931e-04
3.886010362694300446e-03
3.886010362694300446e-03
3.886010362694300446e-03
3.886010362694300446e-03
3.886010362694300446e-03
1.439263097294185491e-04
4.317789291882555931e-04
4.317789291882555931e-04
4.317789291882555931e-04
4.317789291882555931e-04
3.886010362694300446e-03
3.886010362694300446e-03
8.322678018694370941e-04
3.886010362694300446e-03
3.886010362694300446e-03
3.482614837576551280e-04
0.000000000000000000e+00
9.969272787642624242e-04
3.886010362694300446e-03
3.886010362694300446e-03
7.365900176578253633e-04
3.886010362694300446e-03
1.295336787564766888e-03
3.886010362694300446e-03
3.886010362694300446e-03
3.886010362694300446e-03
4.797543657647284428e-04
4.317789291882555931e-04
4.317789291882555931e-04
5.022327992429232802e-04
3.886010362694300446e-03
2.158894645941277965e-04
4.317789291882556473e-04
0.000000000000000000e+00
0.000000000000000000e+00
4.317789291882555931e-04
0.000000000000000000e+00
3.084135208487539951e-04
4.317789291882555931e-04
2.590673575129533016e-04
3.886010362694300446e-03
4.317789291882555931e-04
8.635578583765111862e-04
4.317789291882555931e-04
4.317789291882555931e-04
2.319329426826960243e-04
3.617977010392391026e-04
1.883119885141019663e-03
4.317789291882555931e-04
0.000000000000000000e+00
4.317789291882555931e-04
3.340697817224020229e-04
4.317789291882555931e-04
0.000000000000000000e+00
1.233654083395015980e-04
3.886010362694300446e-03
0.000000000000000000e+00
3.886010362694300446e-03
3.482614837576550196e-04
3.886010362694300446e-03
0.000000000000000000e+00
3.886010362694300446e-03
4.317789291882555931e-04
4.317789291882555931e-04
0.000000000000000000e+00
4.317789291882556473e-04
3.886010362694300446e-03
4.317789291882555931e-04
0.000000000000000000e+00
2.855421078829394640e-04
3.886010362694300446e-03
4.317789291882555931e-04
3.886010362694300446e-03
2.771569673997915408e-04
0.000000000000000000e+00
2.783682736401231223e-03
4.317789291882555931e-04
0.000000000000000000e+00
3.886010362694300446e-03
3.886010362694300446e-03
3.886010362694300446e-03
0.000000000000000000e+00
3.886010362694300446e-03
2.508800786686360960e-04
2.590673575129533775e-03
3.886010362694300446e-03
3.886010362694300446e-03
0.000000000000000000e+00
4.317789291882555931e-04
0.000000000000000000e+00
0.000000000000000000e+00
2.158894645941277965e-04
4.317789291882555931e-04
3.886010362694300446e-03
3.886010362694300446e-03
3.886010362694300446e-03
2.436703648898055484e-04
3.886010362694300446e-03
3.886010362694300446e-03
0.000000000000000000e+00
3.886010362694300446e-03
0.000000000000000000e+00
0.000000000000000000e+00
3.886010362694300446e-03
3.886010362694300446e-03
3.886010362694300446e-03
6.505813867023117845e-04
4.317789291882556473e-04
1.727115716753022372e-03
4.317789291882555931e-04
3.886010362694300446e-03
3.886010362694300446e-03
2.731944575816619468e-04
7.693850207316356264e-04
3.886010362694300446e-03
3.886010362694300446e-03
3.886010362694300446e-03
3.886010362694300446e-03
3.886010362694300446e-03
4.317789291882555931e-04
0.000000000000000000e+00
7.016407599309154065e-04
3.886010362694300446e-03
2.878526194588370982e-04
7.450627273281268739e-04
0.000000000000000000e+00
2.158894645941277965e-04
3.886010362694300446e-03
1.727115716753022372e-03
3.886010362694300446e-03
3.886010362694300446e-03
3.886010362694300446e-03
4.317789291882555931e-04
3.886010362694300446e-03
3.238341968911916677e-04
3.886010362694300446e-03
3.886010362694300446e-03
4.317789291882555931e-04
0.000000000000000000e+00
3.113372428103929578e-04
3.886010362694300446e-03
0.000000000000000000e+00
7.772020725388599591e-04
3.886010362694300446e-03
4.317789291882555931e-04
3.886010362694300446e-03
4.317789291882555931e-04
3.886010362694300446e-03
3.886010362694300446e-03
3.886010362694300446e-03
0.000000000000000000e+00
3.886010362694300446e-03
3.886010362694300446e-03
3.886010362694300446e-03
4.317789291882555931e-04
1.204416863778626082e-04
4.317789291882555931e-04
1.007484168105929898e-03
0.000000000000000000e+00
2.042807409051959622e-04
3.886010362694300446e-03
3.886010362694300446e-03
4.317789291882555931e-04
3.886010362694300446e-03
3.886010362694300446e-03
6.043659789100598286e-04
2.158894645941277965e-04
0.000000000000000000e+00
3.886010362694300446e-03
4.701351813535495252e-04
2.608661048679442387e-03
4.317789291882556473e-04
2.158894645941277965e-04
4.317789291882555931e-04
3.886010362694300446e-03
2.878526194588370982e-04
0.000000000000000000e+00
4.317789291882556473e-04
3.886010362694300446e-03
3.886010362694300446e-03
3.238341968911917219e-04
0.000000000000000000e+00
4.611994982536939190e-04
1.581772460394072319e-04
0.000000000000000000e+00
4.317789291882555931e-04
3.886010362694300446e-03
3.454231433506044203e-04
4.317789291882555931e-04
4.317789291882555931e-04
3.886010362694300446e-03
3.886010362694300446e-03
3.223809921168870572e-04
4.317789291882555931e-04
4.317789291882556473e-04
0.000000000000000000e+00
0.000000000000000000e+00
8.038276385888799228e-04
3.886010362694300446e-03
0.000000000000000000e+00
0.000000000000000000e+00
4.317789291882555931e-04
3.886010362694300446e-03
6.401538777761965312e-04
0.000000000000000000e+00
3.886010362694300446e-03
3.886010362694300446e-03
2.467308166790031961e-04
3.886010362694300446e-03
1.670348908612010114e-04
0.000000000000000000e+00
4.317789291882555931e-04
3.886010362694300446e-03
6.505813867023117845e-04
3.886010362694300446e-03
3.886010362694300446e-03
2.608944572871636607e-04
4.317789291882555931e-04
4.317789291882555931e-04
4.317789291882555931e-04
1.079447322970638983e-04
3.886010362694300446e-03
4.206963516873949436e-04
3.886010362694300446e-03
3.886010362694300446e-03
0.000000000000000000e+00
4.317789291882555931e-04
3.886010362694300446e-03
3.886010362694300446e-03
2.590673575129533016e-04
4.317789291882555931e-04
3.886010362694300446e-03
0.000000000000000000e+00
2.236238205318545895e-04
3.886010362694300446e-03
3.886010362694300446e-03
3.886010362694300446e-03
3.544679482940235669e-04
3.886010362694300446e-03
4.317789291882555931e-04
4.317789291882555931e-04
3.886010362694300446e-03
0.000000000000000000e+00
7.066362844680688536e-04
3.886010362694300446e-03
3.886010362694300446e-03
4.317789291882555931e-04
3.886010362694300446e-03
3.238341968911917219e-04
3.886010362694300446e-03
3.886010362694300446e-03
0.000000000000000000e+00
1.998459865055595146e-04
8.635578583765111862e-04
3.238341968911917219e-04
3.886010362694300446e-03
3.886010362694300446e-03
3.886010362694300446e-03
3.886010362694300446e-03
3.886010362694300446e-03
2.229202499776677298e-04
3.886010362694300446e-03
3.886010362694300446e-03
3.886010362694300446e-03
0.000000000000000000e+00
3.454231433506044203e-04
8.635578583765111862e-04
2.158894645941277965e-04
3.886010362694300446e-03
0.000000000000000000e+00
0.000000000000000000e+00
4.317789291882555931e-04
4.776874576620962314e-04
2.590673575129533016e-04
3.886010362694300446e-03
4.317789291882555931e-04
4.317789291882555931e-04
3.886010362694300446e-03
8.635578583765111862e-04
1.439263097294185491e-04
3.886010362694300446e-03
3.886010362694300446e-03
3.886010362694300446e-03
3.886010362694300446e-03
3.886010362694300446e-03
3.354357307977819114e-04
0.000000000000000000e+00
3.886010362694300446e-03
3.886010362694300446e-03
1.912100358391483068e-03
3.886010362694300446e-03
2.158894645941277965e-04
8.635578583765111862e-04
3.886010362694300446e-03
6.401538777761965312e-04
8.635578583765111862e-04
4.317789291882555931e-04
4.317789291882555931e-04
5.711678625236935557e-04
4.317789291882555931e-04
2.158894645941277965e-04
3.886010362694300446e-03
3.886010362694300446e-03
3.886010362694300446e-03
3.886010362694300446e-03
5.022327992429232802e-04
3.886010362694300446e-03
8.635578583765111862e-04
1.300101590961426563e-04
3.886010362694300446e-03
3.886010362694300446e-03
1.295336787564766888e-03
2.158894645941277965e-04
2.158894645941277694e-04
9.417283764487545134e-05
3.886010362694300446e-03
3.886010362694300446e-03
4.317789291882555931e-04
3.886010362694300446e-03
3.886010362694300446e-03
2.158894645941277965e-04
3.886010362694300446e-03
3.886010362694300446e-03
3.886010362694300446e-03
4.317789291882555931e-04
3.886010362694300446e-03
3.886010362694300446e-03
3.886010362694300446e-03
0.000000000000000000e+00
2.855839312618467778e-04
3.886010362694300446e-03
5.114942932690461248e-04
3.778065630397236846e-04
8.203799654576857461e-03
3.886010362694300446e-03
0.000000000000000000e+00
3.886010362694300446e-03
4.317789291882555931e-04
0.000000000000000000e+00
3.886010362694300446e-03
1.908955564325303495e-04
3.886010362694300446e-03
3.886010362694300446e-03
6.701271279543562741e-04
3.886010362694300446e-03
2.878526194588370982e-04
4.317789291882555931e-04
0.000000000000000000e+00
1.079447322970638983e-04
0.000000000000000000e+00
3.886010362694300446e-03
2.158894645941277965e-04
0.000000000000000000e+00
3.886010362694300446e-03
1.727115716753022372e-03
2.158894645941277965e-04
8.635578583765111862e-04
3.886010362694300446e-03
0.000000000000000000e+00
2.878526194588370982e-04
3.886010362694300446e-03
4.317789291882555931e-04
2.582661131530934566e-03
5.114942932690461248e-04
4.317789291882555931e-04
3.886010362694300446e-03
2.286861469318032195e-03
4.317789291882555931e-04
0.000000000000000000e+00
3.886010362694300446e-03
3.886010362694300446e-03
0.000000000000000000e+00
4.317789291882555931e-04
3.886010362694300446e-03
3.886010362694300446e-03
4.317789291882555931e-04
3.886010362694300446e-03
0.000000000000000000e+00
0.000000000000000000e+00
3.454231433506044203e-04
3.886010362694300446e-03
3.886010362694300446e-03
8.635578583765111862e-04
2.229202499776677298e-04
3.454231433506044745e-03
4.317789291882555931e-04
1.079447322970638983e-04
2.158894645941277965e-04
2.158894645941277965e-04
3.886010362694300446e-03
6.640890826983363287e-04
3.886010362694300446e-03
4.317789291882555931e-04
3.886010362694300446e-03
1.439263097294185491e-04
0.000000000000000000e+00
3.886010362694300446e-03
0.000000000000000000e+00
4.317789291882555931e-04
4.317789291882555931e-04
4.317789291882555931e-04
3.886010362694300446e-03
2.935195609876738014e-04
3.886010362694300446e-03
4.317789291882555931e-04
3.886010362694300446e-03
1.727115716753022101e-04
7.970469680681071612e-04
2.158894645941277965e-04
4.317789291882555931e-04
3.886010362694300446e-03
1.727115716753022372e-03
3.886010362694300446e-03
4.317789291882556473e-04
7.155678772678508801e-04
3.886010362694300446e-03
4.317789291882555931e-04
3.886010362694300446e-03
5.780157504935717764e-04
3.886010362694300446e-03
3.886010362694300446e-03
4.317789291882555931e-04
3.886010362694300446e-03
3.886010362694300446e-03
1.079447322970638983e-04
4.317789291882555931e-04
6.007862194137187110e-04
3.886010362694300446e-03
0.000000000000000000e+00
3.376060915433801417e-04
3.238341968911917219e-04
4.317789291882555931e-04
3.886010362694300446e-03
3.886010362694300446e-03
3.886010362694300446e-03
3.886010362694300446e-03
4.317789291882555931e-04
4.317789291882555931e-04
3.886010362694300446e-03
3.886010362694300446e-03
5.397236614853195185e-04
7.340241796200343456e-04
3.886010362694300446e-03
2.878526194588370982e-04
7.755634511699022746e-04
7.173628604501023709e-04
4.317789291882555931e-04
1.295336787564766888e-03
4.317789291882555931e-04
1.295336787564766888e-03
3.886010362694300446e-03
3.886010362694300446e-03
0.000000000000000000e+00
3.886010362694300446e-03
2.236238205318545895e-04
3.886010362694300446e-03
4.317789291882555931e-04
4.317789291882556473e-04
7.126734733304547313e-04
2.158894645941277965e-04
8.635578583765111862e-04
6.007862194137187110e-04
4.317789291882555931e-04
4.317789291882555931e-04
5.563355509256420533e-04
3.886010362694300446e-03
8.635578583765111862e-04
3.886010362694300446e-03
4.317789291882555931e-04
3.817911128650606990e-04
4.989940223839960240e-04
3.886010362694300446e-03
3.886010362694300446e-03
3.886010362694300446e-03
0.000000000000000000e+00
3.886010362694300446e-03
4.317789291882555931e-04
8.635578583765112946e-04
0.000000000000000000e+00
3.454231433506044745e-03
3.886010362694300446e-03
4.317789291882555931e-04
0.000000000000000000e+00
0.000000000000000000e+00
4.317789291882555931e-04
4.317789291882555931e-04
0.000000000000000000e+00
3.886010362694300446e-03
4.317789291882555931e-04
7.772020725388600676e-04
1.372049291895354427e-03
3.886010362694300446e-03
2.398771828823642214e-04
3.886010362694300446e-03
3.886010362694300446e-03
3.886010362694300446e-03
4.317789291882555931e-04
0.000000000000000000e+00
3.886010362694300446e-03
3.886010362694300446e-03
3.817911128650606990e-04
3.886010362694300446e-03
0.000000000000000000e+00
4.317789291882555931e-04
3.886010362694300446e-03
3.886010362694300446e-03
3.886010362694300446e-03
0.000000000000000000e+00
3.886010362694300446e-03
4.317789291882555931e-04
4.317789291882555931e-04
3.886010362694300446e-03
1.295336787564766888e-03
0.000000000000000000e+00
2.878526194588370982e-04
4.861812060819351261e-04
1.850481125092523970e-04
8.635578583765111862e-04
3.886010362694300446e-03
1.030592749237712333e-03
4.317789291882555931e-04
3.886010362694300446e-03
4.317789291882555931e-04
2.408833727557252165e-04
0.000000000000000000e+00
2.855421078829394640e-04
4.317789291882555931e-04
3.886010362694300446e-03
6.044905008635578954e-03
4.317789291882555931e-04
8.635578583765111862e-04
2.590673575129533775e-03
3.886010362694300446e-03
3.886010362694300446e-03
0.000000000000000000e+00
2.855421078829394640e-04
4.317789291882555931e-04
0.000000000000000000e+00
8.635578583765111862e-04
3.886010362694300446e-03
4.317789291882556473e-04
3.886010362694300446e-03
3.886010362694300446e-03
4.317789291882555931e-04
3.886010362694300446e-03
3.996919730111190834e-04
4.317789291882555931e-04
4.317789291882555931e-04
0.000000000000000000e+00
0.000000000000000000e+00
3.598157743235463456e-04
5.220039515663957167e-04
7.731098089423201261e-05
3.886010362694300446e-03
0.000000000000000000e+00
1.727115716753022372e-03
4.317789291882555931e-04
3.454231433506044203e-04
0.000000000000000000e+00
3.886010362694300446e-03
4.317789291882555931e-04
4.317789291882556473e-04
0.000000000000000000e+00
3.886010362694300446e-03
4.317789291882555931e-04
1.850481125092523970e-04
3.886010362694300446e-03
7.155678772678508801e-04
3.886010362694300446e-03
0.000000000000000000e+00
3.886010362694300446e-03
3.996919730111190834e-04
3.886010362694300446e-03
4.317789291882555931e-04
3.886010362694300446e-03
4.317789291882555931e-04
8.635578583765111862e-04
5.220039515663957167e-04
4.317789291882555931e-04
2.158894645941278236e-04
3.886010362694300446e-03
3.886010362694300446e-03
1.439263097294185491e-04
3.886010362694300446e-03
0.000000000000000000e+00
4.317789291882555931e-04
2.771569673997915408e-04
3.886010362694300446e-03
3.886010362694300446e-03
0.000000000000000000e+00
1.822890754297237759e-04
3.886010362694300446e-03
3.886010362694300446e-03
4.317789291882555931e-04
3.886010362694300446e-03
2.878526194588370982e-04
1.295336787564766888e-03
3.886010362694300446e-03
0.000000000000000000e+00
4.317789291882555931e-04
3.886010362694300446e-03
0.000000000000000000e+00
4.317789291882555931e-04
4.317789291882555931e-04
4.317789291882555931e-04
3.886010362694300446e-03
3.886010362694300446e-03
3.886010362694300446e-03
4.317789291882555931e-04
2.565251015882388883e-03
3.238341968911916677e-04
2.878526194588370982e-04
3.886010362694300446e-03
3.886010362694300446e-03
2.855421078829394640e-04
4.317789291882555931e-04
2.378338103421301331e-04
3.886010362694300446e-03
3.886010362694300446e-03
0.000000000000000000e+00
2.158894645941277965e-04
3.886010362694300446e-03
0.000000000000000000e+00
4.708641882243773245e-05
3.886010362694300446e-03
3.886010362694300446e-03
0.000000000000000000e+00
7.731098089423201261e-05
3.238341968911916677e-04
2.398771828823642214e-04
0.000000000000000000e+00
4.090951418784142353e-04
3.454231433506044203e-04
3.886010362694300446e-03
3.886010362694300446e-03
3.886010362694300446e-03
4.317789291882555931e-04
3.898876061101443362e-04
0.000000000000000000e+00
4.317789291882555931e-04
3.886010362694300446e-03
3.886010362694300446e-03
3.886010362694300446e-03
3.886010362694300446e-03
3.886010362694300446e-03
0.000000000000000000e+00
4.317789291882555931e-04
4.317789291882555931e-04
3.886010362694300446e-03
4.317789291882555931e-04
4.317789291882555931e-04
2.158894645941277965e-04
4.317789291882555389e-04
4.317789291882556473e-04
6.226744856207859155e-04
3.886010362694300446e-03
4.317789291882555931e-04
2.158894645941278074e-03
0.000000000000000000e+00
3.886010362694300446e-03
3.886010362694300446e-03
0.000000000000000000e+00
2.378338103421301331e-04
4.317789291882555931e-04
0.000000000000000000e+00
4.317789291882555931e-04
3.598157743235463456e-04
3.886010362694300446e-03
2.042807409051959622e-04
8.635578583765111862e-04
3.886010362694300446e-03
3.886010362694300446e-03
3.886010362694300446e-03
0.000000000000000000e+00
0.000000000000000000e+00
1.138513022700384582e-04
4.317789291882555931e-04
3.886010362694300446e-03
1.727115716753022372e-03
6.701271279543562741e-04
4.317789291882555931e-04
3.886010362694300446e-03
0.000000000000000000e+00
3.886010362694300446e-03
0.000000000000000000e+00
3.886010362694300446e-03
3.886010362694300446e-03
3.238341968911917219e-04
3.886010362694300446e-03
3.886010362694300446e-03
5.181347150259067551e-03
4.317789291882555931e-04
2.878526194588370982e-04
3.996919730111190834e-04
3.886010362694300446e-03
4.317789291882555931e-04
4.317789291882555931e-04
3.886010362694300446e-03
7.600118883557290374e-04
8.635578583765111862e-04
6.401538777761965312e-04
1.295336787564766888e-03
3.886010362694300446e-03
3.886010362694300446e-03
3.886010362694300446e-03
3.886010362694300446e-03
0.000000000000000000e+00
2.878526194588370982e-04
3.886010362694300446e-03
3.886010362694300446e-03
4.317789291882555931e-04
3.886010362694300446e-03
3.886010362694300446e-03
3.886010362694300446e-03
3.598157743235463456e-04
4.317789291882555931e-04
4.317789291882555931e-04
4.317789291882555931e-04
2.158894645941278074e-03
0.000000000000000000e+00
2.981650940424727860e-04
2.158894645941277965e-04
7.600118883557290374e-04
4.317789291882555931e-04
4.317789291882555931e-04
3.886010362694300446e-03
3.886010362694300446e-03
3.119931886910426010e-04
3.886010362694300446e-03
0.000000000000000000e+00
4.317789291882555931e-04
0.000000000000000000e+00
3.886010362694300446e-03
5.330912620947229549e-04
3.886010362694300446e-03
3.778065630397236846e-04
4.317789291882555931e-04
4.317789291882555931e-04
3.886010362694300446e-03
4.317789291882555931e-04
4.701351813535495252e-04
7.391235220388056235e-03
4.317789291882555931e-04
3.886010362694300446e-03
3.886010362694300446e-03
0.000000000000000000e+00
3.886010362694300446e-03
3.886010362694300446e-03
3.886010362694300446e-03
4.317789291882555931e-04
4.317789291882556473e-04
4.650783004313765079e-04
2.450700112226550311e-04
3.886010362694300446e-03
3.886010362694300446e-03
4.317789291882555931e-04
3.886010362694300446e-03
4.317789291882555931e-04
4.317789291882555931e-04
4.317789291882555931e-04
2.158894645941277965e-04
3.886010362694300446e-03
0.000000000000000000e+00
4.317789291882555931e-04
3.886010362694300446e-03
1.439263097294185491e-04
3.886010362694300446e-03
3.886010362694300446e-03
4.317789291882555931e-04
2.590673575129533775e-03
1.670348908612010114e-04
3.886010362694300446e-03
3.886010362694300446e-03
2.323409866057893174e-03
0.000000000000000000e+00
3.886010362694300446e-03
6.043659789100598286e-04
0.000000000000000000e+00
1.079447322970638983e-04
2.158894645941277965e-04
4.317789291882555931e-04
3.886010362694300446e-03
3.454231433506044203e-04
3.454231433506044203e-04
0.000000000000000000e+00
1.439263097294185491e-04
3.454231433506044745e-03
3.886010362694300446e-03
4.841110482528909005e-04
3.886010362694300446e-03
7.756057390681070189e-04
2.590673575129533775e-03
3.886010362694300446e-03
3.238341968911917219e-04
8.635578583765111862e-04
3.886010362694300446e-03
4.317789291882555931e-04
0.000000000000000000e+00
4.317789291882555931e-04
3.886010362694300446e-03
4.317789291882555931e-04
4.317789291882555931e-04
3.886010362694300446e-03
4.317789291882555931e-04
0.000000000000000000e+00
4.317789291882555931e-04
3.886010362694300446e-03
4.317789291882555931e-04
3.886010362694300446e-03
3.886010362694300446e-03
4.317789291882555931e-04
0.000000000000000000e+00
0.000000000000000000e+00
3.886010362694300446e-03
2.590673575129533775e-03
3.886010362694300446e-03
3.886010362694300446e-03
3.996919730111190834e-04
5.559070109075740134e-04
4.317789291882555931e-04
4.317789291882555389e-04
4.317789291882555931e-04
4.317789291882555931e-04
3.886010362694300446e-03
3.886010362694300446e-03
4.317789291882555931e-04
1.439263097294185491e-04
6.965229675153102561e-04
0.000000000000000000e+00
4.317789291882555931e-04
1.850481125092523970e-04
3.886010362694300446e-03
3.886010362694300446e-03
3.886010362694300446e-03
4.701351813535495252e-04
7.600118883557290374e-04
8.635578583765111862e-04
4.317789291882555931e-04
3.886010362694300446e-03
0.000000000000000000e+00
3.886010362694300446e-03
3.886010362694300446e-03
3.886010362694300446e-03
3.886010362694300446e-03
3.886010362694300446e-03
1.670348908612010114e-04
4.317789291882555931e-04
4.317789291882555931e-04
4.317789291882556473e-04
2.158894645941277965e-04
8.351744543060049216e-05
3.748532780532363301e-04
3.886010362694300446e-03
3.238341968911916677e-04
0.000000000000000000e+00
3.886010362694300446e-03
3.886010362694300446e-03
4.071045040993367470e-04
7.870536182488954528e-04
2.236238205318545895e-04
3.886010362694300446e-03
3.886010362694300446e-03
3.886010362694300446e-03
3.358280560353098937e-04
3.886010362694300446e-03
3.886010362694300446e-03
3.886010362694300446e-03
4.317789291882556473e-04
0.000000000000000000e+00
1.133112787362836309e-03
4.317789291882555931e-04
3.886010362694300446e-03
3.886010362694300446e-03
3.886010362694300446e-03
3.886010362694300446e-03
0.000000000000000000e+00
3.886010362694300446e-03
3.886010362694300446e-03
3.886010362694300446e-03
4.317789291882555931e-04
1.521278986862682758e-03
3.886010362694300446e-03
4.317789291882555931e-04
3.996919730111190834e-04
3.886010362694300446e-03
0.000000000000000000e+00
3.886010362694300446e-03
3.886010362694300446e-03
3.886010362694300446e-03
4.317789291882556473e-04
4.317789291882555931e-04
4.317789291882555931e-04
3.886010362694300446e-03
8.635578583765111862e-04
3.886010362694300446e-03
3.886010362694300446e-03
0.000000000000000000e+00
2.158894645941277965e-04
3.886010362694300446e-03
4.317789291882555931e-04
7.351167190651044028e-04
0.000000000000000000e+00
3.886010362694300446e-03
4.317789291882555931e-04
3.918503490225179291e-04
4.317789291882555931e-04
4.123610109235766367e-04
0.000000000000000000e+00
3.886010362694300446e-03
3.886010362694300446e-03
0.000000000000000000e+00
2.158894645941277965e-04
8.199540086168003242e-04
3.886010362694300446e-03
