0.000000000000000000e+00
5.440696409140370095e-04
0.000000000000000000e+00
5.440696409140370095e-04
2.176278563656148038e-03
1.088139281828074019e-03
2.176278563656148038e-03
0.000000000000000000e+00
0.000000000000000000e+00
4.603666192349545219e-04
2.176278563656148038e-03
2.176278563656148038e-03
4.466527574803910391e-04
2.176278563656148038e-03
1.434600740247057025e-04
5.440696409140370095e-04
0.000000000000000000e+00
2.176278563656148038e-03
3.264417845484222057e-03
1.434600740247057025e-04
7.766432710732796381e-04
1.360174102285092524e-04
2.176278563656148038e-03
6.377500883041608074e-03
8.646345046842376816e-05
5.440696409140370095e-04
1.304746825724327909e-04
2.720348204570185047e-03
1.088139281828073911e-04
1.517643882759139493e-04
0.000000000000000000e+00
2.176278563656148038e-03
5.440696409140370095e-04
5.440696409140370095e-04
1.360174102285092524e-04
2.176278563656148038e-03
2.720348204570185047e-03
1.142546245919477677e-02
3.264417845484222057e-03
2.176278563656148038e-03
2.176278563656148038e-03
2.176278563656148038e-03
2.176278563656148038e-03
1.632208922742111028e-03
2.720348204570185047e-04
2.176278563656148038e-03
2.176278563656148038e-03
2.176278563656148038e-03
2.176278563656148038e-03
2.176278563656148038e-03
4.352557127312297268e-04
5.440696409140370095e-04
2.176278563656148038e-03
0.000000000000000000e+00
1.088139281828074019e-03
2.720348204570185047e-04
0.000000000000000000e+00
2.176278563656148038e-03
4.352557127312295642e-04
9.249183895538628727e-03
2.176278563656148038e-03
3.264417845484222057e-03
2.176278563656148038e-03
4.352557127312297268e-04
0.000000000000000000e+00
0.000000000000000000e+00
5.440696409140370095e-04
1.304746825724327909e-04
2.176278563656148038e-03
2.176278563656148038e-03
0.000000000000000000e+00
3.808487486398259066e-03
2.176278563656148038e-03
1.088139281828074019e-03
2.176278563656148038e-03
2.176278563656148038e-03
1.360174102285092524e-04
2.581707346839341027e-03
1.088139281828074019e-03
3.627130939426913758e-04
0.000000000000000000e+00
4.352557127312297268e-04
2.176278563656148038e-03
0.000000000000000000e+00
2.176278563656148038e-03
5.440696409140370095e-04
4.352557127312297268e-04
2.176278563656148038e-03
0.000000000000000000e+00
1.088139281828074019e-03
0.000000000000000000e+00
0.000000000000000000e+00
2.720348204570185047e-04
0.000000000000000000e+00
0.000000000000000000e+00
3.627130939426913758e-04
5.440696409140370095e-04
2.135774682679799524e-04
3.486553971746089720e-04
3.627130939426913758e-04
2.176278563656148038e-03
5.440696409140370095e-04
5.440696409140371179e-04
1.088139281828074019e-03
4.192903374488301691e-04
2.176278563656148038e-03
0.000000000000000000e+00
2.176278563656148038e-03
8.161044613710555576e-03
2.720348204570185047e-04
2.176278563656148038e-03
0.000000000000000000e+00
2.176278563656148038e-03
3.264417845484222057e-03
0.000000000000000000e+00
2.176278563656148038e-03
5.440696409140370095e-04
3.808487486398259066e-03
0.000000000000000000e+00
1.632208922742111028e-03
0.000000000000000000e+00
3.627130939426913758e-04
2.176278563656148038e-03
5.440696409140370095e-04
0.000000000000000000e+00
2.176278563656148038e-03
0.000000000000000000e+00
0.000000000000000000e+00
2.176278563656148038e-03
7.208692151660872714e-04
2.176278563656148038e-03
0.000000000000000000e+00
2.720348204570185047e-03
2.176278563656148038e-03
2.176278563656148038e-03
2.176278563656148038e-03
0.000000000000000000e+00
4.352557127312296076e-03
1.360174102285092524e-04
5.440696409140370095e-04
5.440696409140370095e-04
5.440696409140370095e-04
4.173201901462942134e-04
3.627130939426913758e-04
0.000000000000000000e+00
2.176278563656148038e-03
2.720348204570185047e-04
2.176278563656148038e-03
1.813565469713456879e-04
3.702542457240340389e-04
2.176278563656148038e-03
4.080522306855277571e-04
1.434600740247057025e-04
0.000000000000000000e+00
5.440696409140370095e-04
2.176278563656148038e-03
5.440696409140370095e-04
2.720348204570185047e-04
0.000000000000000000e+00
2.720348204570185047e-03
0.000000000000000000e+00
5.440696409140370095e-04
2.176278563656148038e-03
7.634857443913841985e-04
0.000000000000000000e+00
1.523394994559303627e-02
1.762683605314543846e-03
0.000000000000000000e+00
5.440696409140370095e-04
4.080522306855277571e-04
5.440696409140370095e-04
0.000000000000000000e+00
5.440696409140370095e-04
2.176278563656148038e-03
0.000000000000000000e+00
1.813565469713456879e-04
4.352557127312297268e-04
2.720348204570185047e-04
5.440696409140370095e-04
5.440696409140370095e-04
2.176278563656148038e-03
2.176278563656148038e-03
2.720348204570185047e-04
2.720348204570185047e-04
5.440696409140370095e-04
5.440696409140370095e-04
2.176278563656148038e-03
0.000000000000000000e+00
1.434600740247057025e-04
4.099727041518577372e-04
6.528835690968444114e-03
2.176278563656148038e-03
4.681874467760800619e-04
2.720348204570185047e-04
3.702542457240340389e-04
1.088139281828074019e-03
0.000000000000000000e+00
2.176278563656148038e-03
0.000000000000000000e+00
0.000000000000000000e+00
2.720348204570185047e-04
3.923052526381230602e-04
2.176278563656148038e-03
5.440696409140370095e-04
2.176278563656148038e-03
0.000000000000000000e+00
2.176278563656148038e-03
5.440696409140370095e-04
1.632208922742111028e-03
1.333101793173621999e-03
2.176278563656148038e-03
1.269495828799419544e-03
1.813565469713456879e-04
0.000000000000000000e+00
5.440696409140370095e-04
5.440696409140370095e-04
7.010894962349828018e-04
2.176278563656148038e-03
2.176278563656148038e-03
2.176278563656148038e-03
5.440696409140370095e-04
2.176278563656148038e-03
2.720348204570185047e-03
2.176278563656148038e-03
5.440696409140370095e-04
2.176278563656148038e-03
2.176278563656148038e-03
0.000000000000000000e+00
2.405408643622091109e-04
0.000000000000000000e+00
2.176278563656148038e-03
5.440696409140370095e-04
2.176278563656148038e-03
0.000000000000000000e+00
2.176278563656148038e-03
5.440696409140370095e-04
2.176278563656148038e-03
6.528835690968444114e-03
2.720348204570185047e-04
5.440696409140370095e-04
2.176278563656148038e-03
5.440696409140370095e-04
5.440696409140370095e-04
3.358648974459679717e-04
4.254057170916585788e-04
2.720348204570185047e-04
5.440696409140370095e-04
2.176278563656148038e-03
2.176278563656148038e-03
4.352557127312295642e-04
1.088139281828074019e-03
2.176278563656148038e-03
2.176278563656148038e-03
2.176278563656148038e-03
2.176278563656148038e-03
0.000000000000000000e+00
2.176278563656148038e-03
2.720348204570185047e-04
5.440696409140370095e-04
2.176278563656148038e-03
5.440696409140370095e-04
1.795429815016322261e-02
0.000000000000000000e+00
2.176278563656148038e-03
0.000000000000000000e+00
2.176278563656148038e-03
2.176278563656148038e-03
2.176278563656148038e-03
5.440696409140370095e-04
5.440696409140370095e-04
8.581093515559285942e-04
2.176278563656148038e-03
0.000000000000000000e+00
2.176278563656148038e-03
2.176278563656148038e-03
3.264417845484221732e-04
2.176278563656148038e-03
2.176278563656148038e-03
0.000000000000000000e+00
1.632208922742111028e-03
2.176278563656148038e-03
5.440696409140370095e-04
2.176278563656148038e-03
2.720348204570185047e-04
1.434600740247057025e-04
3.702542457240340389e-04
2.176278563656148038e-03
3.627130939426913758e-04
2.176278563656148038e-03
2.176278563656148038e-03
6.671895459907056618e-04
2.176278563656148038e-03
0.000000000000000000e+00
3.177207859885642326e-04
2.176278563656148038e-03
5.440696409140370095e-04
0.000000000000000000e+00
0.000000000000000000e+00
0.000000000000000000e+00
2.176278563656148038e-03
2.176278563656148038e-03
2.176278563656148038e-03
2.176278563656148038e-03
2.176278563656148038e-03
2.176278563656148038e-03
0.000000000000000000e+00
0.000000000000000000e+00
8.032082760606960295e-04
0.000000000000000000e+00
3.702542457240340389e-04
5.440696409140370095e-03
4.080522306855277571e-04
5.440696409140370095e-04
2.176278563656148038e-03
2.176278563656148038e-03
2.176278563656148038e-03
5.440696409140370095e-04
0.000000000000000000e+00
0.000000000000000000e+00
0.000000000000000000e+00
2.176278563656148038e-03
4.593275251318942290e-04
4.634667311489945899e-04
0.000000000000000000e+00
3.264417845484221732e-04
5.086621466244638755e-04
2.176278563656148038e-03
4.603666192349545219e-04
6.087791151819102811e-04
0.000000000000000000e+00
5.440696409140370095e-04
2.720348204570185047e-04
5.440696409140370095e-04
1.088139281828074019e-03
6.134835865385602962e-04
2.176278563656148038e-03
2.176278563656148038e-03
0.000000000000000000e+00
5.440696409140370095e-04
0.000000000000000000e+00
4.614465977525227317e-04
0.000000000000000000e+00
0.000000000000000000e+00
6.010548646598438960e-04
2.176278563656148038e-03
2.176278563656148038e-03
2.176278563656148038e-03
2.176278563656148038e-03
1.088139281828074019e-03
1.088139281828074019e-03
2.176278563656148038e-03
2.176278563656148038e-03
2.176278563656148038e-03
5.097779796974741826e-04
1.632208922742111028e-03
1.088139281828073911e-04
2.176278563656148038e-03
2.176278563656148038e-03
5.440696409140370095e-04
4.860793906812959004e-04
5.440696409140370095e-04
5.440696409140370095e-04
0.000000000000000000e+00
0.000000000000000000e+00
3.264417845484222057e-03
2.176278563656148038e-03
0.000000000000000000e+00
2.176278563656148038e-03
5.440696409140370095e-04
0.000000000000000000e+00
2.176278563656148038e-03
2.176278563656148038e-03
2.176278563656148038e-03
1.088139281828074019e-03
2.176278563656148038e-03
5.440696409140370095e-04
2.176278563656148038e-03
0.000000000000000000e+00
3.627130939426913758e-04
0.000000000000000000e+00
2.176278563656148038e-03
2.176278563656148038e-03
2.176278563656148038e-03
1.813565469713456879e-04
2.176278563656147821e-04
5.440696409140370095e-04
0.000000000000000000e+00
5.440696409140370095e-04
0.000000000000000000e+00
3.067417932692801481e-04
2.176278563656148038e-03
2.176278563656148038e-03
2.176278563656148038e-03
2.176278563656148038e-03
0.000000000000000000e+00
0.000000000000000000e+00
5.440696409140370095e-04
0.000000000000000000e+00
5.440696409140370095e-04
2.176278563656148038e-03
2.176278563656148038e-03
9.067827348567284395e-05
6.010548646598440044e-04
5.440696409140370095e-04
2.176278563656148038e-03
0.000000000000000000e+00
4.271549365359599590e-04
2.176278563656148038e-03
5.440696409140370095e-04
0.000000000000000000e+00
5.440696409140370095e-04
2.176278563656148038e-03
5.440696409140370095e-04
5.440696409140370095e-04
4.447930306604703870e-04
0.000000000000000000e+00
0.000000000000000000e+00
4.080522306855277571e-04
5.440696409140370095e-04
2.176278563656148038e-03
1.088139281828074019e-03
2.176278563656148038e-03
5.440696409140370095e-04
0.000000000000000000e+00
5.440696409140370095e-04
3.808487486398259066e-03
2.176278563656148038e-03
5.440696409140370095e-04
2.720348204570185047e-04
1.088139281828074019e-03
2.176278563656148038e-03
5.440696409140370095e-04
0.000000000000000000e+00
2.176278563656148038e-03
2.176278563656148038e-03
2.176278563656148038e-03
2.176278563656148038e-03
9.067827348567284937e-04
2.176278563656148038e-03
2.176278563656148038e-03
2.176278563656148038e-03
3.243964202749761321e-04
2.176278563656148038e-03
5.440696409140370095e-04
2.720348204570185047e-04
2.720348204570185047e-04
0.000000000000000000e+00
5.440696409140370095e-04
5.440696409140370095e-04
5.440696409140370095e-04
3.462261351271145099e-04
2.176278563656148038e-03
2.176278563656148038e-03
5.142989857292512091e-04
2.176278563656148038e-03
2.176278563656148038e-03
0.000000000000000000e+00
0.000000000000000000e+00
2.176278563656148038e-03
1.333101793173621999e-03
8.776644139093897319e-04
2.176278563656148038e-03
2.331727032488730041e-04
5.440696409140370095e-04
9.741688343364599749e-05
1.088139281828074019e-03
5.440696409140370095e-04
2.176278563656148038e-03
0.000000000000000000e+00
5.440696409140370095e-04
2.176278563656148038e-03
5.142989857292512091e-04
5.440696409140370095e-04
0.000000000000000000e+00
8.032082760606960295e-04
0.000000000000000000e+00
3.627130939426914300e-04
2.176278563656148038e-03
2.176278563656148038e-03
2.176278563656148038e-03
2.176278563656148038e-03
2.720348204570185047e-04
2.176278563656148038e-03
2.176278563656148038e-03
2.176278563656148038e-03
0.000000000000000000e+00
2.176278563656148038e-03
5.440696409140370095e-04
2.176278563656148038e-03
2.176278563656148038e-03
2.518189906130989357e-04
1.088139281828074019e-03
2.176278563656148038e-03
1.813565469713456879e-04
1.088139281828074019e-03
1.517643882759139493e-04
2.176278563656148038e-03
2.176278563656148038e-03
5.440696409140370095e-04
5.519519728252034923e-04
3.627130939426913758e-04
2.176278563656148038e-03
2.720348204570185047e-04
5.036379812261979798e-04
2.176278563656148038e-03
2.176278563656148038e-03
2.176278563656148038e-03
2.176278563656148038e-03
4.593275251318942290e-04
5.440696409140370095e-04
5.440696409140370095e-04
2.176278563656148038e-03
2.176278563656148038e-03
1.632208922742111028e-03
2.176278563656148038e-03
2.176278563656148038e-03
2.176278563656148038e-03
4.948196627161819197e-04
0.000000000000000000e+00
4.080522306855277571e-04
2.176278563656148038e-03
5.440696409140370095e-04
5.440696409140370095e-04
2.720348204570185047e-04
5.440696409140370095e-04
2.176278563656148038e-03
2.720348204570185047e-04
3.702542457240340389e-04
5.440696409140370095e-04
0.000000000000000000e+00
0.000000000000000000e+00
2.176278563656148038e-03
5.440696409140370095e-04
1.813565469713456879e-04
5.440696409140370095e-04
1.813565469713456879e-04
0.000000000000000000e+00
2.720348204570185047e-04
1.165863516244365020e-03
2.176278563656148038e-03
2.518189906130989357e-04
2.962005114294942302e-04
2.176278563656148038e-03
1.360174102285092524e-04
2.176278563656148038e-03
2.720348204570185047e-04
2.176278563656148038e-03
2.176278563656148038e-03
4.192903374488301691e-04
2.176278563656148038e-03
5.440696409140370095e-04
5.440696409140370095e-04
0.000000000000000000e+00
5.440696409140370095e-04
2.176278563656148038e-03
0.000000000000000000e+00
5.440696409140370095e-04
0.000000000000000000e+00
2.176278563656148038e-03
0.000000000000000000e+00
2.176278563656147821e-04
2.720348204570185047e-04
3.702542457240340389e-04
0.000000000000000000e+00
2.176278563656148038e-03
2.176278563656148038e-03
2.176278563656148038e-03
0.000000000000000000e+00
0.000000000000000000e+00
5.440696409140370095e-04
2.176278563656148038e-03
0.000000000000000000e+00
0.000000000000000000e+00
2.176278563656148038e-03
5.440696409140370095e-04
2.176278563656148038e-03
2.176278563656148038e-03
2.176278563656148038e-03
7.254261878853827516e-04
5.157264690730922058e-04
2.176278563656148038e-03
5.440696409140370095e-04
2.176278563656148038e-03
2.176278563656148038e-03
0.000000000000000000e+00
2.176278563656148038e-03
2.176278563656148038e-03
2.720348204570185047e-04
2.176278563656148038e-03
5.440696409140370095e-04
4.192903374488301691e-04
5.142989857292512091e-04
2.176278563656148038e-03
3.627130939426914300e-04
2.176278563656148038e-03
4.254057170916585788e-04
1.088139281828074019e-03
0.000000000000000000e+00
2.176278563656148038e-03
1.813565469713456879e-04
0.000000000000000000e+00
8.646345046842376816e-05
5.022181300744957928e-04
2.176278563656148038e-03
6.217938753303281193e-04
2.176278563656148038e-03
8.009880643912785597e-05
2.176278563656148038e-03
3.400435255712731309e-04
5.440696409140370095e-04
1.165863516244365020e-03
2.518189906130989357e-04
1.360174102285092524e-04
2.720348204570185047e-03
5.440696409140370095e-04
2.176278563656148038e-03
1.632208922742111028e-03
5.440696409140370095e-04
5.984766050054406671e-03
3.627130939426913758e-04
3.492358740467449603e-04
2.176278563656148038e-03
0.000000000000000000e+00
3.702542457240340389e-04
2.176278563656148038e-03
2.176278563656148038e-03
2.176278563656148038e-03
0.000000000000000000e+00
2.176278563656148038e-03
6.280794212837831694e-04
0.000000000000000000e+00
1.088139281828074019e-03
5.106406159115957355e-04
2.176278563656148038e-03
2.176278563656148038e-03
2.176278563656148038e-03
2.176278563656148038e-03
1.088139281828074019e-03
2.176278563656148038e-03
5.701384638222406877e-04
1.434600740247057025e-04
1.088139281828073911e-04
1.088139281828074019e-03
2.176278563656148038e-03
2.176278563656148038e-03
0.000000000000000000e+00
2.176278563656148038e-03
2.176278563656148038e-03
5.440696409140370095e-04
1.813565469713456879e-04
5.097779796974741826e-04
2.176278563656148038e-03
0.000000000000000000e+00
5.440696409140370095e-04
2.176278563656148038e-03
5.440696409140370095e-04
5.440696409140370095e-04
8.437557697238157878e-04
0.000000000000000000e+00
2.176278563656148038e-03
2.176278563656148038e-03
5.440696409140370095e-04
2.176278563656148038e-03
0.000000000000000000e+00
0.000000000000000000e+00
5.440696409140370095e-04
0.000000000000000000e+00
3.808487486398259066e-03
2.176278563656148038e-03
2.176278563656148038e-03
1.813565469713456879e-04
5.309486662901922354e-04
0.000000000000000000e+00
5.440696409140370095e-04
2.176278563656148038e-03
3.400435255712731309e-04
0.000000000000000000e+00
2.176278563656148038e-03
1.088139281828074019e-03
2.176278563656148038e-03
2.176278563656148038e-03
3.627130939426913758e-04
2.176278563656148038e-03
2.176278563656148038e-03
2.176278563656148038e-03
0.000000000000000000e+00
5.440696409140370095e-04
2.176278563656148038e-03
2.176278563656148038e-03
3.886211720814550068e-04
5.440696409140370095e-04
5.440696409140370095e-04
5.924010228589884604e-04
2.176278563656148038e-03
4.080522306855277571e-04
1.813565469713456879e-04
0.000000000000000000e+00
0.000000000000000000e+00
0.000000000000000000e+00
1.088139281828074019e-03
1.544021071794529653e-04
5.440696409140370095e-04
2.176278563656148038e-03
2.176278563656148038e-03
3.942265765091476745e-04
2.176278563656148038e-03
2.176278563656148038e-03
0.000000000000000000e+00
2.176278563656148038e-03
5.440696409140370095e-04
5.440696409140370095e-04
1.544021071794529653e-04
2.720348204570185047e-04
2.176278563656148038e-03
5.440696409140370095e-04
5.440696409140370095e-04
1.360174102285092524e-04
5.440696409140370095e-04
2.176278563656148038e-03
2.176278563656148038e-03
0.000000000000000000e+00
2.176278563656148038e-03
2.176278563656148038e-03
9.067827348567284395e-05
2.176278563656148038e-03
2.518189906130989899e-04
0.000000000000000000e+00
2.176278563656148038e-03
2.176278563656148038e-03
9.067827348567284395e-05
7.254261878853827516e-04
2.176278563656148038e-03
4.080522306855277571e-04
5.519345425985509607e-04
2.176278563656148038e-03
2.176278563656148038e-03
5.440696409140370095e-04
3.923052526381231144e-04
0.000000000000000000e+00
3.627130939426914300e-04
2.176278563656148038e-03
0.000000000000000000e+00
2.176278563656148038e-03
2.176278563656148038e-03
2.176278563656148038e-03
2.176278563656148038e-03
5.440696409140370095e-04
1.813565469713456879e-04
0.000000000000000000e+00
1.632208922742111028e-03
1.813565469713456879e-04
0.000000000000000000e+00
0.000000000000000000e+00
2.176278563656148038e-03
5.440696409140370095e-04
5.440696409140370095e-04
0.000000000000000000e+00
0.000000000000000000e+00
2.176278563656148038e-03
5.440696409140370095e-04
2.176278563656148038e-03
2.720348204570185047e-04
1.813565469713456879e-04
2.176278563656148038e-03
3.348120867163305466e-04
2.176278563656148038e-03
3.627130939426913758e-04
2.176278563656148038e-03
5.440696409140370095e-04
0.000000000000000000e+00
2.176278563656148038e-03
5.440696409140370095e-04
9.917389444311437881e-04
1.088139281828074019e-03
5.440696409140370095e-04
0.000000000000000000e+00
2.176278563656148038e-03
2.176278563656148038e-03
3.766635975558718717e-04
5.440696409140370095e-04
2.176278563656148038e-03
2.176278563656148038e-03
4.080522306855277571e-04
0.000000000000000000e+00
0.000000000000000000e+00
1.360174102285092524e-04
1.434600740247057025e-04
5.440696409140370095e-04
5.440696409140370095e-04
5.440696409140370095e-04
1.434600740247057025e-04
2.176278563656148038e-03
0.000000000000000000e+00
2.176278563656148038e-03
1.813565469713456879e-04
2.176278563656148038e-03
3.486553971746089720e-04
0.000000000000000000e+00
2.176278563656148038e-03
8.646345046842376816e-05
5.440696409140370095e-04
0.000000000000000000e+00
2.176278563656148038e-03
2.768839555228482484e-04
3.264417845484221732e-04
1.632208922742111028e-03
2.176278563656148038e-03
4.785752715318679720e-04
3.627130939426913758e-04
5.440696409140370095e-04
5.440696409140370095e-04
2.176278563656148038e-03
0.000000000000000000e+00
0.000000000000000000e+00
2.176278563656148038e-03
5.440696409140370095e-04
0.000000000000000000e+00
2.176278563656148038e-03
2.176278563656148038e-03
2.176278563656148038e-03
0.000000000000000000e+00
2.176278563656148038e-03
5.440696409140370095e-04
5.440696409140370095e-04
2.176278563656148038e-03
2.176278563656148038e-03
2.176278563656148038e-03
1.813565469713456879e-04
2.176278563656148038e-03
2.176278563656148038e-03
5.440696409140370095e-04
5.440696409140370095e-04
1.088139281828074019e-03
5.440696409140370095e-04
2.176278563656148038e-03
2.405408643622091109e-04
0.000000000000000000e+00
3.627130939426913758e-04
3.401359837467797108e-04
5.440696409140370095e-04
2.176278563656148038e-03
2.176278563656148038e-03
5.440696409140370095e-04
5.036379812261978714e-04
2.176278563656148038e-03
3.745014342768144449e-04
3.465678452071479891e-03
2.176278563656148038e-03
0.000000000000000000e+00
2.176278563656148038e-03
2.176278563656148038e-03
8.437557697238157878e-04
1.304746825724327909e-04
5.440696409140370095e-04
2.176278563656148038e-03
5.036379812261978714e-04
0.000000000000000000e+00
0.000000000000000000e+00
2.176278563656147821e-04
2.176278563656148038e-03
5.440696409140370095e-04
3.702542457240340389e-04
1.333101793173621999e-03
0.000000000000000000e+00
5.440696409140370095e-04
7.051588198943771089e-04
5.440696409140370095e-04
2.176278563656148038e-03
5.440696409140370095e-04
2.517717226983233578e-04
5.440696409140370095e-04
5.440696409140370095e-04
0.000000000000000000e+00
5.440696409140370095e-04
2.331727032488730041e-04
7.634857443913841985e-04
6.087791151819102811e-04
0.000000000000000000e+00
0.000000000000000000e+00
0.000000000000000000e+00
9.067827348567284395e-05
2.176278563656148038e-03
1.813565469713456879e-04
1.554484688325820027e-04
2.720348204570185047e-04
2.176278563656148038e-03
0.000000000000000000e+00
5.440696409140370095e-04
5.440696409140370095e-04
2.176278563656148038e-03
2.176278563656148038e-03
0.000000000000000000e+00
2.176278563656148038e-03
5.440696409140370095e-04
2.176278563656148038e-03
2.176278563656148038e-03
2.176278563656148038e-03
2.176278563656148038e-03
0.000000000000000000e+00
5.440696409140370095e-04
1.554484688325820027e-04
2.176278563656148038e-03
2.176278563656148038e-03
0.000000000000000000e+00
2.720348204570185047e-04
2.176278563656148038e-03
1.088139281828074019e-03
2.176278563656148038e-03
2.176278563656148038e-03
2.720348204570185047e-04
3.627130939426914300e-04
5.440696409140370095e-04
2.176278563656148038e-03
5.440696409140370095e-04
3.885004666455657324e-04
1.088139281828074019e-03
2.176278563656148038e-03
0.000000000000000000e+00
2.176278563656148038e-03
2.176278563656148038e-03
5.440696409140370095e-04
7.659609238673936032e-04
4.603666192349545219e-04
1.569221010552492458e-03
1.554484688325820027e-04
5.440696409140370095e-04
5.440696409140370095e-04
3.923052526381230602e-04
2.176278563656148038e-03
2.176278563656148038e-03
2.176278563656148038e-03
5.440696409140370095e-04
2.176278563656148038e-03
2.720348204570185047e-04
5.440696409140370095e-04
0.000000000000000000e+00
0.000000000000000000e+00
5.440696409140370095e-04
1.186639238223784307e-04
4.860793906812959004e-04
0.000000000000000000e+00
2.176278563656148038e-03
2.176278563656148038e-03
5.440696409140370095e-04
0.000000000000000000e+00
2.176278563656148038e-03
2.176278563656148038e-03
0.000000000000000000e+00
1.632208922742111028e-03
0.000000000000000000e+00
2.176278563656148038e-03
1.813565469713456879e-04
2.720348204570185047e-04
2.176278563656148038e-03
2.176278563656148038e-03
0.000000000000000000e+00
2.405408643622091109e-04
2.176278563656148038e-03
2.176278563656148038e-03
2.176278563656148038e-03
5.440696409140370095e-04
2.720348204570185047e-04
4.663454064977460623e-04
5.440696409140370095e-04
3.022609116189094256e-04
2.176278563656148038e-03
0.000000000000000000e+00
6.825116186754611337e-04
0.000000000000000000e+00
2.720348204570185047e-04
3.627130939426913758e-04
2.176278563656148038e-03
4.785752715318679720e-04
2.176278563656148038e-03
0.000000000000000000e+00
2.176278563656148038e-03
3.808487486398259066e-03
5.440696409140371179e-04
0.000000000000000000e+00
5.440696409140371179e-04
1.813565469713456879e-04
2.720348204570185047e-04
5.440696409140370095e-04
3.627130939426913758e-04
0.000000000000000000e+00
2.176278563656148038e-03
5.440696409140370095e-04
5.440696409140370095e-04
2.176278563656148038e-03
2.176278563656148038e-03
2.176278563656148038e-03
3.702542457240340389e-04
5.440696409140370095e-04
0.000000000000000000e+00
5.440696409140370095e-04
5.440696409140370095e-04
4.352557127312297268e-04
2.176278563656148038e-03
2.176278563656148038e-03
4.466527574803909849e-04
0.000000000000000000e+00
2.720348204570185047e-04
2.176278563656148038e-03
5.440696409140370095e-04
1.813565469713456879e-04
1.439408247948250567e-03
5.440696409140370095e-04
5.440696409140370095e-04
9.067827348567284937e-04
2.176278563656148038e-03
5.022181300744957928e-04
2.176278563656148038e-03
2.176278563656148038e-03
8.363675591297506070e-04
3.627130939426914300e-04
2.176278563656148038e-03
5.440696409140370095e-04
0.000000000000000000e+00
2.176278563656148038e-03
2.176278563656148038e-03
5.440696409140370095e-04
1.483826293401919018e-04
2.176278563656148038e-03
5.440696409140370095e-04
2.176278563656148038e-03
3.108969376651640054e-04
5.097779796974741826e-04
2.176278563656148038e-03
5.440696409140370095e-04
1.632208922742111028e-03
2.176278563656148038e-03
7.010894962349828018e-04
2.104748679186842057e-04
2.176278563656148038e-03
2.176278563656148038e-03
8.646345046842376816e-05
2.720348204570185047e-04
3.264417845484221732e-04
0.000000000000000000e+00
1.088139281828074019e-03
5.440696409140370095e-04
2.176278563656148038e-03
3.627130939426913758e-04
2.176278563656148038e-03
0.000000000000000000e+00
3.745014342768144449e-04
2.176278563656148038e-03
1.439408247948250567e-03
2.720348204570185047e-04
1.904243743199129577e-02
2.176278563656148038e-03
5.440696409140370095e-04
1.813565469713456879e-04
3.702542457240340389e-04
2.176278563656148038e-03
1.813565469713456879e-04
5.440696409140370095e-04
0.000000000000000000e+00
2.176278563656148038e-03
2.176278563656148038e-03
5.440696409140370095e-04
2.176278563656148038e-03
2.176278563656148038e-03
2.176278563656148038e-03
3.627130939426914300e-04
2.176278563656148038e-03
1.813565469713456879e-04
0.000000000000000000e+00
2.176278563656148038e-03
4.892709421174265896e-04
5.440696409140370095e-04
3.788235545910085080e-04
8.032082760606960295e-04
2.176278563656148038e-03
2.176278563656148038e-03
0.000000000000000000e+00
2.176278563656148038e-03
3.808487486398259066e-03
9.067827348567284395e-05
2.176278563656148038e-03
0.000000000000000000e+00
0.000000000000000000e+00
2.176278563656148038e-03
2.176278563656148038e-03
2.176278563656148038e-03
1.483826293401919018e-04
0.000000000000000000e+00
5.440696409140370095e-04
2.176278563656148038e-03
3.627130939426914300e-04
0.000000000000000000e+00
5.440696409140370095e-04
5.440696409140370095e-04
2.176278563656148038e-03
2.176278563656148038e-03
2.176278563656148038e-03
2.176278563656148038e-03
4.254057170916585788e-04
5.440696409140370095e-04
2.176278563656148038e-03
1.637812816452563752e-04
0.000000000000000000e+00
2.176278563656148038e-03
2.176278563656148038e-03
0.000000000000000000e+00
0.000000000000000000e+00
5.440696409140370095e-04
1.813565469713456879e-04
2.176278563656148038e-03
1.088139281828074019e-03
2.176278563656148038e-03
0.000000000000000000e+00
2.176278563656148038e-03
2.176278563656147821e-04
0.000000000000000000e+00
2.176278563656148038e-03
2.176278563656148038e-03
5.440696409140370095e-04
4.810817287244182217e-04
5.440696409140370095e-04
2.176278563656148038e-03
7.407351043773270551e-04
2.176278563656148038e-03
2.176278563656148038e-03
6.087791151819102811e-04
3.264417845484222057e-03
1.901241761516141127e-04
2.176278563656148038e-03
1.632208922742111028e-03
1.088139281828074019e-03
2.176278563656148038e-03
0.000000000000000000e+00
2.176278563656148038e-03
2.176278563656148038e-03
5.440696409140370095e-04
2.720348204570185047e-04
2.176278563656148038e-03
2.176278563656148038e-03
5.440696409140370095e-04
2.176278563656148038e-03
4.080522306855277571e-04
2.176278563656148038e-03
2.176278563656148038e-03
2.176278563656148038e-03
2.720348204570185047e-04
2.176278563656148038e-03
1.000784318986058276e-03
5.440696409140370095e-04
1.088139281828074019e-03
2.720348204570185047e-03
2.176278563656148038e-03
5.440696409140370095e-04
2.176278563656148038e-03
2.176278563656148038e-03
0.000000000000000000e+00
0.000000000000000000e+00
5.440696409140370095e-04
5.440696409140370095e-04
1.434600740247057025e-04
2.176278563656148038e-03
5.440696409140370095e-04
2.176278563656148038e-03
2.176278563656148038e-03
2.176278563656148038e-03
0.000000000000000000e+00
2.176278563656148038e-03
2.176278563656148038e-03
2.176278563656148038e-03
2.176278563656148038e-03
0.000000000000000000e+00
1.088139281828074019e-03
2.405408643622091109e-04
2.176278563656148038e-03
2.176278563656148038e-03
2.176278563656148038e-03
0.000000000000000000e+00
2.176278563656148038e-03
2.720348204570185047e-04
5.440696409140370095e-04
8.617904269026012420e-04
0.000000000000000000e+00
1.632208922742111028e-03
4.080522306855277571e-04
1.813565469713456879e-04
4.352557127312295642e-04
2.176278563656148038e-03
3.627130939426913758e-04
2.176278563656148038e-03
2.176278563656148038e-03
2.176278563656148038e-03
2.720348204570185047e-04
2.176278563656148038e-03
2.176278563656148038e-03
1.813565469713456879e-04
2.176278563656148038e-03
1.088139281828074019e-03
3.627130939426913758e-04
2.176278563656148038e-03
1.813565469713456879e-04
5.440696409140370095e-04
2.176278563656148038e-03
2.176278563656148038e-03
5.440696409140370095e-04
1.088139281828074019e-03
3.923052526381230602e-04
2.176278563656148038e-03
5.440696409140370095e-04
5.440696409140370095e-04
5.440696409140370095e-04
3.486553971746089720e-04
2.176278563656148038e-03
2.176278563656148038e-03
0.000000000000000000e+00
2.720348204570185047e-03
2.720348204570185047e-04
3.627130939426914300e-04
3.627130939426913758e-04
0.000000000000000000e+00
2.176278563656148038e-03
0.000000000000000000e+00
1.632208922742111028e-03
2.176278563656148038e-03
2.176278563656148038e-03
0.000000000000000000e+00
1.088139281828074019e-03
2.176278563656148038e-03
2.176278563656148038e-03
5.440696409140370095e-04
1.269495828799419978e-03
0.000000000000000000e+00
1.813565469713456879e-04
3.627130939426913758e-04
5.142989857292512091e-04
2.176278563656148038e-03
0.000000000000000000e+00
2.176278563656148038e-03
6.134835865385602962e-04
2.176278563656148038e-03
0.000000000000000000e+00
1.088139281828074019e-03
2.176278563656148038e-03
2.176278563656148038e-03
0.000000000000000000e+00
3.627130939426914300e-04
2.176278563656148038e-03
7.254261878853827516e-04
5.440696409140370095e-04
5.440696409140370095e-04
5.440696409140370095e-04
5.440696409140370095e-04
5.440696409140370095e-04
4.860793906812959004e-04
0.000000000000000000e+00
2.176278563656148038e-03
2.176278563656148038e-03
5.440696409140370095e-04
0.000000000000000000e+00
2.176278563656148038e-03
2.176278563656148038e-03
2.176278563656148038e-03
5.440696409140370095e-04
2.176278563656148038e-03
0.000000000000000000e+00
1.813565469713456879e-04
5.440696409140370095e-04
2.176278563656148038e-03
2.176278563656148038e-03
0.000000000000000000e+00
0.000000000000000000e+00
2.176278563656148038e-03
0.000000000000000000e+00
2.176278563656148038e-03
5.440696409140370095e-04
2.962005114294942302e-04
1.632208922742111028e-03
1.088139281828074019e-03
2.176278563656148038e-03
1.304746825724327909e-04
3.561168745832791875e-04
1.755328827818779681e-03
7.846105052762461203e-04
1.483826293401919018e-04
8.161044613710555576e-03
5.440696409140370095e-04
2.176278563656148038e-03
2.176278563656148038e-03
5.440696409140370095e-04
2.176278563656148038e-03
2.176278563656148038e-03
6.087791151819102811e-04
5.440696409140370095e-04
1.434600740247057025e-04
2.176278563656148038e-03
3.335947729953527767e-04
2.176278563656148038e-03
2.720348204570185047e-03
2.176278563656148038e-03
5.440696409140370095e-04
4.080522306855277571e-04
2.176278563656148038e-03
2.176278563656148038e-03
0.000000000000000000e+00
1.186639238223784307e-04
5.440696409140369011e-04
2.176278563656148038e-03
3.702542457240340389e-04
3.627130939426913758e-04
0.000000000000000000e+00
2.176278563656148038e-03
0.000000000000000000e+00
8.009880643912785597e-05
2.905707393785514174e-04
2.176278563656148038e-03
7.321475103609386727e-04
2.720348204570185047e-04
3.627130939426913758e-04
2.176278563656148038e-03
0.000000000000000000e+00
0.000000000000000000e+00
2.176278563656148038e-03
2.176278563656148038e-03
2.176278563656148038e-03
2.176278563656148038e-03
2.176278563656148038e-03
3.335947729953528309e-04
5.440696409140370095e-04
2.176278563656148038e-03
9.741688343364599749e-05
5.924010228589884604e-04
5.440696409140370095e-04
2.176278563656148038e-03
5.440696409140370095e-04
2.176278563656147821e-04
5.440696409140370095e-04
0.000000000000000000e+00
1.497231998879729707e-03
3.886211720814550068e-04
2.720348204570185047e-04
5.440696409140370095e-04
5.440696409140370095e-04
2.176278563656148038e-03
2.176278563656148038e-03
5.440696409140370095e-04
5.440696409140370095e-04
5.440696409140370095e-04
1.088139281828073911e-04
5.440696409140370095e-04
2.176278563656148038e-03
2.176278563656148038e-03
2.176278563656148038e-03
5.440696409140370095e-04
2.176278563656148038e-03
2.176278563656148038e-03
2.176278563656148038e-03
5.440696409140370095e-04
2.176278563656148038e-03
5.440696409140370095e-04
0.000000000000000000e+00
3.627130939426913758e-04
5.440696409140370095e-04
1.088139281828074019e-03
2.176278563656148038e-03
0.000000000000000000e+00
2.922506503009380196e-04
5.440696409140371179e-04
5.440696409140370095e-04
2.176278563656148038e-03
3.793147254347413650e-04
2.176278563656148038e-03
2.176278563656148038e-03
2.720348204570185047e-04
1.269495828799419544e-03
2.176278563656148038e-03
2.176278563656148038e-03
2.176278563656148038e-03
3.264417845484222057e-03
2.176278563656148038e-03
0.000000000000000000e+00
5.440696409140370095e-04
1.434600740247057025e-04
2.176278563656148038e-03
2.176278563656148038e-03
2.176278563656148038e-03
2.176278563656148038e-03
0.000000000000000000e+00
4.634667311489945899e-04
2.176278563656148038e-03
2.176278563656148038e-03
2.176278563656148038e-03
4.352557127312297268e-04
5.440696409140370095e-04
1.652424752586030381e-03
1.813565469713456608e-04
0.000000000000000000e+00
1.165863516244365020e-03
2.176278563656148038e-03
0.000000000000000000e+00
5.440696409140370095e-04
3.702542457240340389e-04
5.440696409140370095e-04
0.000000000000000000e+00
1.632208922742111462e-03
2.176278563656148038e-03
1.569221010552492458e-03
1.088139281828074019e-03
5.440696409140370095e-04
2.176278563656148038e-03
2.176278563656148038e-03
2.176278563656148038e-03
3.486553971746089720e-04
4.352557127312296076e-03
2.176278563656148038e-03
2.720348204570185047e-04
3.335947729953528309e-04
4.412691556261638583e-04
2.176278563656148038e-03
0.000000000000000000e+00
2.176278563656148038e-03
2.176278563656148038e-03
5.440696409140370095e-04
2.176278563656148038e-03
2.176278563656148038e-03
2.176278563656148038e-03
4.254057170916585788e-04
3.627130939426913758e-04
5.440696409140370095e-04
5.440696409140370095e-04
5.440696409140370095e-04
2.176278563656148038e-03
2.176278563656148038e-03
5.440696409140370095e-04
5.440696409140370095e-04
2.176278563656148038e-03
2.176278563656148038e-03
2.176278563656148038e-03
2.176278563656148038e-03
2.176278563656147821e-04
1.088139281828074019e-03
2.176278563656148038e-03
5.440696409140370095e-04
9.741688343364599749e-05
4.080522306855277571e-04
5.440696409140370095e-04
0.000000000000000000e+00
2.176278563656148038e-03
5.205109359966718406e-04
2.176278563656148038e-03
0.000000000000000000e+00
2.176278563656148038e-03
5.440696409140370095e-04
2.176278563656148038e-03
3.627130939426913758e-04
2.176278563656148038e-03
1.813565469713456879e-04
0.000000000000000000e+00
1.088139281828073911e-04
2.720348204570185047e-04
0.000000000000000000e+00
3.627130939426913758e-04
5.440696409140370095e-04
3.898689129822272828e-04
6.134835865385602962e-04
5.440696409140370095e-04
0.000000000000000000e+00
1.088139281828074019e-03
5.440696409140370095e-04
4.361027812274857578e-04
1.483826293401919018e-04
2.176278563656148038e-03
2.176278563656148038e-03
0.000000000000000000e+00
5.440696409140370095e-04
2.176278563656148038e-03
2.176278563656148038e-03
1.670628567873881556e-03
1.088139281828074019e-03
0.000000000000000000e+00
5.440696409140370095e-04
3.627130939426913758e-04
2.720348204570185047e-04
5.440696409140370095e-04
2.176278563656148038e-03
2.176278563656148038e-03
5.239189134727765401e-04
2.176278563656148038e-03
2.176278563656148038e-03
1.813565469713456879e-04
0.000000000000000000e+00
2.176278563656148038e-03
2.176278563656148038e-03
0.000000000000000000e+00
0.000000000000000000e+00
1.203702822225975744e-03
5.440696409140370095e-04
2.176278563656148038e-03
5.440696409140370095e-04
5.440696409140370095e-04
5.440696409140370095e-04
0.000000000000000000e+00
2.176278563656148038e-03
0.000000000000000000e+00
2.176278563656148038e-03
5.440696409140370095e-04
2.720348204570184614e-03
6.995181097466190122e-04
4.603666192349545219e-04
5.440696409140370095e-04
2.176278563656148038e-03
5.440696409140370095e-04
1.088139281828074019e-03
5.440696409140370095e-04
0.000000000000000000e+00
3.702542457240340389e-04
5.440696409140370095e-04
0.000000000000000000e+00
4.466527574803909849e-04
2.176278563656148038e-03
5.440696409140370095e-04
2.720348204570185047e-04
1.088139281828074019e-03
2.176278563656148038e-03
2.176278563656148038e-03
1.088139281828074019e-03
2.720348204570185047e-04
0.000000000000000000e+00
5.440696409140370095e-04
2.176278563656148038e-03
1.554484688325820027e-04
5.440696409140370095e-04
2.720348204570185047e-04
2.720348204570185047e-04
2.720348204570185047e-03
5.440696409140370095e-04
9.604791278501749767e-04
2.176278563656148038e-03
0.000000000000000000e+00
2.176278563656148038e-03
5.440696409140370095e-04
2.176278563656148038e-03
2.176278563656148038e-03
2.176278563656148038e-03
2.176278563656148038e-03
2.176278563656148038e-03
2.176278563656148038e-03
5.440696409140370095e-04
5.440696409140370095e-04
2.720348204570185047e-04
2.176278563656148038e-03
0.000000000000000000e+00
4.420565832426549347e-04
5.440696409140370095e-04
2.176278563656148038e-03
5.440696409140370095e-04
2.176278563656148038e-03
5.440696409140370095e-04
3.627130939426913758e-04
2.176278563656148038e-03
2.176278563656148038e-03
2.176278563656148038e-03
4.080522306855277571e-04
5.440696409140370095e-04
2.176278563656148038e-03
2.176278563656148038e-03
3.702542457240340389e-04
2.176278563656148038e-03
1.088139281828074019e-03
3.896675337345840442e-04
0.000000000000000000e+00
3.627130939426914300e-04
8.032082760606960295e-04
5.440696409140370095e-04
2.176278563656148038e-03
2.176278563656148038e-03
3.627130939426913758e-04
5.440696409140370095e-04
4.785752715318679178e-04
2.176278563656148038e-03
3.627130939426913758e-04
2.720348204570185047e-04
2.176278563656148038e-03
4.173201901462942134e-04
2.176278563656148038e-03
2.176278563656148038e-03
2.135774682679799524e-04
2.176278563656148038e-03
5.440696409140370095e-04
5.440696409140370095e-04
2.176278563656148038e-03
5.440696409140370095e-04
3.492358740467449603e-04
5.142989857292512091e-04
2.176278563656148038e-03
2.176278563656148038e-03
5.440696409140370095e-04
2.176278563656148038e-03
4.352557127312296076e-03
0.000000000000000000e+00
3.885004666455657324e-04
2.176278563656148038e-03
5.440696409140370095e-04
5.440696409140370095e-04
2.176278563656148038e-03
2.176278563656148038e-03
0.000000000000000000e+00
2.176278563656148038e-03
0.000000000000000000e+00
3.486553971746089720e-04
3.808487486398259066e-03
5.440696409140370095e-04
5.440696409140370095e-04
5.440696409140370095e-04
3.627130939426913758e-04
2.176278563656148038e-03
5.440696409140370095e-04
5.440696409140370095e-04
1.267494507677427418e-04
1.632208922742111028e-03
2.176278563656148038e-03
2.176278563656148038e-03
0.000000000000000000e+00
9.917389444311437881e-04
0.000000000000000000e+00
5.440696409140370095e-04
0.000000000000000000e+00
2.176278563656148038e-03
2.176278563656148038e-03
0.000000000000000000e+00
2.176278563656148038e-03
0.000000000000000000e+00
0.000000000000000000e+00
3.702542457240340389e-04
2.176278563656148038e-03
2.176278563656148038e-03
2.176278563656148038e-03
5.440696409140370095e-04
2.720348204570185047e-04
4.948196627161819197e-04
2.176278563656148038e-03
0.000000000000000000e+00
2.176278563656148038e-03
0.000000000000000000e+00
0.000000000000000000e+00
2.176278563656148038e-03
9.725549684657138058e-04
0.000000000000000000e+00
0.000000000000000000e+00
4.710595659628373771e-04
5.440696409140370095e-04
8.581093515559285942e-04
2.176278563656148038e-03
5.440696409140370095e-04
2.176278563656148038e-03
1.938118891792383280e-04
1.632208922742111028e-03
4.254057170916585788e-04
2.176278563656148038e-03
2.176278563656148038e-03
3.627130939426913758e-04
5.440696409140370095e-04
2.176278563656148038e-03
2.720348204570185047e-04
0.000000000000000000e+00
0.000000000000000000e+00
2.176278563656148038e-03
5.440696409140370095e-04
0.000000000000000000e+00
2.176278563656148038e-03
5.440696409140370095e-04
2.720348204570185047e-04
2.176278563656148038e-03
2.176278563656148038e-03
5.440696409140370095e-04
0.000000000000000000e+00
2.176278563656148038e-03
2.176278563656148038e-03
2.176278563656148038e-03
5.440696409140370095e-04
3.486553971746089720e-04
5.440696409140370095e-04
2.176278563656148038e-03
3.702542457240340389e-04
2.720348204570185047e-04
0.000000000000000000e+00
2.176278563656148038e-03
1.304746825724327909e-04
2.176278563656148038e-03
5.440696409140370095e-04
4.860793906812959004e-04
2.176278563656148038e-03
1.088139281828074019e-03
4.447930306604703870e-04
5.440696409140370095e-04
2.176278563656148038e-03
2.176278563656148038e-03
5.205109359966718406e-04
5.440696409140370095e-04
5.036379812261979798e-04
1.360174102285092524e-04
5.440696409140370095e-04
5.440696409140370095e-04
2.176278563656148038e-03
2.720348204570185047e-04
0.000000000000000000e+00
5.142989857292512091e-04
2.176278563656148038e-03
5.440696409140370095e-04
5.440696409140370095e-04
2.375098890098238571e-03
2.176278563656148038e-03
0.000000000000000000e+00
2.176278563656148038e-03
5.440696409140370095e-04
2.176278563656148038e-03
2.176278563656148038e-03
0.000000000000000000e+00
3.264417845484221732e-04
9.917389444311437881e-04
1.632208922742111028e-03
0.000000000000000000e+00
0.000000000000000000e+00
2.176278563656148038e-03
2.176278563656148038e-03
5.440696409140370095e-04
2.176278563656148038e-03
2.176278563656148038e-03
5.440696409140370095e-04
3.066950348897294555e-04
2.176278563656148038e-03
6.328461170003322252e-04
1.554484688325820027e-04
1.088139281828073911e-04
2.720348204570185047e-04
5.440696409140370095e-04
1.544021071794529653e-04
5.440696409140370095e-04
1.813565469713456879e-04
1.088139281828073911e-04
2.176278563656148038e-03
1.360174102285092524e-04
2.176278563656148038e-03
2.176278563656148038e-03
2.720348204570185047e-03
2.176278563656148038e-03
3.335947729953528309e-04
0.000000000000000000e+00
1.088139281828074019e-03
2.176278563656148038e-03
0.000000000000000000e+00
5.440696409140370095e-04
2.176278563656148038e-03
0.000000000000000000e+00
0.000000000000000000e+00
1.632208922742111028e-03
1.632208922742111028e-03
3.372721617432348595e-04
2.176278563656148038e-03
1.360174102285092524e-04
5.519345425985509607e-04
2.176278563656148038e-03
0.000000000000000000e+00
2.176278563656148038e-03
1.088139281828074019e-03
4.254057170916585788e-04
2.176278563656148038e-03
5.440696409140370095e-04
5.440696409140370095e-04
5.440696409140372263e-04
5.440696409140370095e-04
5.440696409140370095e-04
1.088139281828074019e-03
2.176278563656148038e-03
2.176278563656147821e-04
0.000000000000000000e+00
0.000000000000000000e+00
2.176278563656148038e-03
2.720348204570185047e-04
5.440696409140370095e-04
2.176278563656148038e-03
5.440696409140370095e-04
1.813565469713456879e-04
5.440696409140370095e-04
1.632208922742111028e-03
2.176278563656148038e-03
2.176278563656148038e-03
5.205109359966718406e-04
2.176278563656148038e-03
2.176278563656148038e-03
4.948196627161819197e-04
0.000000000000000000e+00
2.176278563656148038e-03
5.440696409140370095e-04
4.352557127312297268e-04
0.000000000000000000e+00
0.000000000000000000e+00
0.000000000000000000e+00
2.176278563656148038e-03
2.176278563656148038e-03
2.720348204570185047e-04
4.080522306855277571e-04
2.176278563656148038e-03
0.000000000000000000e+00
5.440696409140370095e-04
5.440696409140370095e-04
2.176278563656148038e-03
0.000000000000000000e+00
4.860793906812959004e-04
2.720348204570185047e-04
0.000000000000000000e+00
2.176278563656148038e-03
0.000000000000000000e+00
2.176278563656148038e-03
9.067827348567284937e-04
1.088139281828074019e-03
2.176278563656148038e-03
2.176278563656148038e-03
2.176278563656148038e-03
0.000000000000000000e+00
5.440696409140370095e-04
2.176278563656148038e-03
2.176278563656148038e-03
5.440696409140370095e-04
0.000000000000000000e+00
1.088139281828074019e-03
5.440696409140370095e-04
5.440696409140370095e-04
2.176278563656148038e-03
0.000000000000000000e+00
2.176278563656148038e-03
2.040261153427638786e-04
0.000000000000000000e+00
0.000000000000000000e+00
5.440696409140370095e-04
0.000000000000000000e+00
1.813565469713456879e-04
2.176278563656148038e-03
9.917389444311437881e-04
2.176278563656148038e-03
9.917389444311437881e-04
2.176278563656148038e-03
2.176278563656148038e-03
1.813565469713456879e-04
2.176278563656148038e-03
1.813565469713456879e-04
5.440696409140370095e-04
2.176278563656148038e-03
2.176278563656148038e-03
5.440696409140370095e-04
0.000000000000000000e+00
5.440696409140372263e-04
2.176278563656148038e-03
2.176278563656148038e-03
0.000000000000000000e+00
2.176278563656148038e-03
2.176278563656148038e-03
1.813565469713456879e-04
4.892709421174265896e-04
0.000000000000000000e+00
2.176278563656148038e-03
0.000000000000000000e+00
5.440696409140370095e-04
1.554484688325820027e-04
0.000000000000000000e+00
0.000000000000000000e+00
2.720348204570185047e-04
0.000000000000000000e+00
0.000000000000000000e+00
2.176278563656148038e-03
2.176278563656148038e-03
5.440696409140370095e-04
5.440696409140370095e-04
5.440696409140370095e-04
5.440696409140370095e-04
0.000000000000000000e+00
2.176278563656148038e-03
3.702542457240340389e-04
2.720348204570185047e-04
2.176278563656148038e-03
0.000000000000000000e+00
1.554484688325820027e-04
2.176278563656148038e-03
4.173201901462942134e-04
2.176278563656148038e-03
1.088139281828074019e-03
2.176278563656148038e-03
5.440696409140370095e-04
3.976651594650779781e-04
2.720348204570185047e-04
2.405408643622091109e-04
5.440696409140370095e-04
5.440696409140370095e-04
1.434600740247057025e-04
2.176278563656148038e-03
0.000000000000000000e+00
0.000000000000000000e+00
6.134835865385602962e-04
2.176278563656148038e-03
5.440696409140370095e-04
2.176278563656148038e-03
2.176278563656148038e-03
1.017249866514324504e-03
0.000000000000000000e+00
5.440696409140370095e-04
2.104748679186842057e-04
2.720348204570185047e-04
2.176278563656148038e-03
2.176278563656148038e-03
2.176278563656148038e-03
2.176278563656148038e-03
2.176278563656148038e-03
3.808487486398259066e-03
5.440696409140370095e-04
5.513179239350636095e-04
0.000000000000000000e+00
2.176278563656148038e-03
5.440696409140370095e-04
2.176278563656148038e-03
2.176278563656148038e-03
5.440696409140370095e-04
0.000000000000000000e+00
2.176278563656148038e-03
2.176278563656148038e-03
2.720348204570185047e-04
1.165863516244365020e-03
2.176278563656148038e-03
2.176278563656148038e-03
3.737811371646163126e-04
2.044633565931529252e-04
2.176278563656148038e-03
2.176278563656148038e-03
5.440696409140370095e-04
2.176278563656148038e-03
0.000000000000000000e+00
2.176278563656148038e-03
5.440696409140370095e-04
5.440696409140370095e-04
4.614465977525227317e-04
2.176278563656148038e-03
1.088139281828074019e-03
2.176278563656148038e-03
2.176278563656148038e-03
2.176278563656148038e-03
1.165863516244365020e-03
2.176278563656148038e-03
0.000000000000000000e+00
2.104748679186842057e-04
4.271549365359599590e-04
2.176278563656148038e-03
2.720348204570185047e-04
1.088139281828074019e-03
1.813565469713456879e-04
0.000000000000000000e+00
1.088139281828073911e-04
2.176278563656148038e-03
2.176278563656148038e-03
7.208692151660872714e-04
5.440696409140370095e-04
0.000000000000000000e+00
1.309544251064657017e-04
1.813565469713456879e-04
1.360174102285092524e-04
3.627130939426913758e-04
5.440696409140370095e-04
4.785752715318679720e-04
0.000000000000000000e+00
2.176278563656148038e-03
2.176278563656148038e-03
5.440696409140370095e-04
5.440696409140370095e-04
1.813565469713456879e-04
2.176278563656148038e-03
3.627130939426914300e-04
3.335947729953528309e-04
2.176278563656148038e-03
3.627130939426914300e-04
2.176278563656148038e-03
2.176278563656148038e-03
5.440696409140370095e-04
3.231584526685652684e-04
2.176278563656148038e-03
0.000000000000000000e+00
2.176278563656148038e-03
5.440696409140370095e-04
5.440696409140371179e-04
5.440696409140370095e-04
5.440696409140370095e-04
5.440696409140370095e-04
2.176278563656148038e-03
3.886211720814550068e-04
5.440696409140370095e-04
3.627130939426913758e-04
5.440696409140370095e-04
0.000000000000000000e+00
2.176278563656148038e-03
2.135774682679799524e-04
1.632208922742111028e-03
2.720348204570185047e-04
3.164230585001661126e-04
2.176278563656148038e-03
2.176278563656148038e-03
5.440696409140370095e-04
2.176278563656148038e-03
2.176278563656148038e-03
2.176278563656148038e-03
1.632208922742111028e-03
0.000000000000000000e+00
2.176278563656148038e-03
5.440696409140370095e-04
2.176278563656148038e-03
1.554484688325820027e-04
6.087791151819102811e-04
5.440696409140370095e-04
2.176278563656148038e-03
4.173201901462942134e-04
2.176278563656148038e-03
5.440696409140370095e-04
2.176278563656148038e-03
5.440696409140370095e-04
2.176278563656148038e-03
2.176278563656148038e-03
1.088139281828074019e-03
3.608172583657591101e-04
2.135774682679799524e-04
0.000000000000000000e+00
5.440696409140370095e-04
2.176278563656148038e-03
1.360174102285092524e-04
2.176278563656148038e-03
2.176278563656148038e-03
3.053172318303288939e-03
4.860793906812959004e-04
5.440696409140370095e-04
2.176278563656148038e-03
3.627130939426913758e-04
5.440696409140370095e-04
2.176278563656148038e-03
2.176278563656148038e-03
2.176278563656148038e-03
2.176278563656147821e-04
0.000000000000000000e+00
