2.760291219314609662e-03
0.000000000000000000e+00
3.690036900369003583e-03
3.690036900369003583e-03
3.690036900369003583e-03
3.690036900369003583e-03
3.690036900369003583e-03
1.293792107788445259e-03
3.690036900369004016e-03
3.690036900369003583e-03
1.275598243702602769e-03
3.690036900369003583e-03
1.047199531349942954e-03
0.000000000000000000e+00
2.414438656666401464e-03
5.321454275637418040e-03
3.690036900369003583e-03
3.690036900369003583e-03
3.690036900369003583e-03
2.767527675276752579e-03
3.690036900369004016e-03
2.760291219314609662e-03
0.000000000000000000e+00
3.690036900369003583e-03
3.690036900369003583e-03
3.690036900369003583e-03
3.690036900369003583e-03
3.690036900369003583e-03
1.845018450184501791e-03
3.690036900369004016e-03
3.690036900369003583e-03
2.635740643120716535e-03
3.690036900369003583e-03
3.690036900369003583e-03
3.690036900369003583e-03
3.690036900369003583e-03
3.690036900369003583e-03
3.690036900369003583e-03
3.690036900369003583e-03
3.690036900369003583e-03
3.690036900369003583e-03
3.690036900369003583e-03
3.690036900369003583e-03
0.000000000000000000e+00
3.690036900369003583e-03
3.690036900369003583e-03
3.690036900369003583e-03
3.690036900369003583e-03
3.690036900369003583e-03
3.690036900369003583e-03
3.690036900369003583e-03
3.690036900369003583e-03
0.000000000000000000e+00
3.690036900369003583e-03
3.690036900369003583e-03
3.690036900369003583e-03
3.690036900369003583e-03
3.690036900369003583e-03
2.460024600246002533e-03
0.000000000000000000e+00
7.380073800738007166e-03
2.635740643120716535e-03
3.690036900369003583e-03
3.690036900369003583e-03
0.000000000000000000e+00
3.690036900369003583e-03
1.476014760147601433e-02
1.476014760147601433e-02
3.690036900369003583e-03
3.690036900369003583e-03
1.064290855127483608e-02
2.635740643120716535e-03
3.690036900369004016e-03
8.260273856484338581e-03
3.690036900369003583e-03
1.518111032960225201e-03
1.064290855127483608e-02
3.690036900369003583e-03
3.690036900369003583e-03
3.690036900369003583e-03
3.690036900369004016e-03
3.690036900369003583e-03
3.690036900369003583e-03
3.690036900369003583e-03
3.690036900369003583e-03
3.690036900369003583e-03
3.690036900369003583e-03
1.845018450184501791e-03
3.690036900369003583e-03
0.000000000000000000e+00
1.845018450184501791e-03
3.690036900369003583e-03
3.690036900369003583e-03
3.690036900369003583e-03
3.690036900369003583e-03
3.690036900369003583e-03
3.690036900369003583e-03
3.690036900369003583e-03
3.690036900369003583e-03
8.699598805047788208e-03
2.767527675276752579e-03
7.380073800738007166e-03
3.690036900369003583e-03
3.690036900369003583e-03
3.690036900369003583e-03
3.690036900369003583e-03
3.690036900369003583e-03
3.690036900369003583e-03
3.690036900369003583e-03
3.690036900369003583e-03
2.151200696367169471e-03
3.690036900369003583e-03
0.000000000000000000e+00
3.690036900369003583e-03
3.690036900369003583e-03
0.000000000000000000e+00
3.690036900369003583e-03
0.000000000000000000e+00
1.518111032960225201e-03
0.000000000000000000e+00
3.690036900369003583e-03
3.690036900369003583e-03
3.690036900369003583e-03
3.690036900369003583e-03
0.000000000000000000e+00
3.690036900369003583e-03
3.690036900369003583e-03
0.000000000000000000e+00
3.690036900369003583e-03
0.000000000000000000e+00
0.000000000000000000e+00
0.000000000000000000e+00
3.690036900369003583e-03
0.000000000000000000e+00
1.845018450184501791e-03
3.690036900369003583e-03
3.690036900369003583e-03
3.690036900369003583e-03
3.690036900369003583e-03
3.690036900369003583e-03
3.690036900369003583e-03
3.690036900369003583e-03
3.690036900369003583e-03
3.690036900369003583e-03
3.690036900369003583e-03
3.690036900369003583e-03
1.845018450184501791e-03
3.690036900369003583e-03
3.690036900369003583e-03
3.690036900369004016e-03
3.690036900369003583e-03
3.690036900369003583e-03
3.690036900369003583e-03
3.690036900369003583e-03
3.690036900369003583e-03
0.000000000000000000e+00
3.690036900369003583e-03
1.476014760147601433e-02
5.952572667031212975e-03
3.690036900369003583e-03
3.690036900369003583e-03
3.690036900369003583e-03
3.690036900369003583e-03
3.690036900369003583e-03
2.767527675276752579e-03
3.690036900369003583e-03
3.690036900369003583e-03
3.690036900369003583e-03
3.690036900369003583e-03
0.000000000000000000e+00
3.690036900369003583e-03
1.476014760147601433e-02
9.225092250922508957e-04
3.690036900369003583e-03
3.690036900369003583e-03
3.690036900369003583e-03
0.000000000000000000e+00
3.690036900369003583e-03
3.690036900369003583e-03
1.518111032960225201e-03
3.690036900369003583e-03
3.690036900369003583e-03
3.690036900369003583e-03
3.690036900369003583e-03
3.690036900369003583e-03
2.639050008619562519e-03
3.690036900369003583e-03
4.510307973515450403e-03
3.690036900369003583e-03
0.000000000000000000e+00
0.000000000000000000e+00
3.690036900369003583e-03
3.690036900369003583e-03
3.690036900369003583e-03
3.690036900369003583e-03
3.690036900369003583e-03
0.000000000000000000e+00
3.690036900369003583e-03
3.690036900369003583e-03
3.690036900369003583e-03
0.000000000000000000e+00
2.767527675276752579e-03
3.690036900369003583e-03
0.000000000000000000e+00
3.690036900369003583e-03
0.000000000000000000e+00
3.690036900369003583e-03
4.578229112706044650e-03
3.690036900369003583e-03
3.690036900369003583e-03
3.690036900369003583e-03
3.690036900369003583e-03
3.690036900369003583e-03
3.690036900369003583e-03
3.690036900369003583e-03
2.396244792580558541e-03
3.690036900369003583e-03
3.051450204521228768e-03
3.690036900369003583e-03
0.000000000000000000e+00
9.682959142966595257e-04
3.690036900369003583e-03
0.000000000000000000e+00
1.107011070110701031e-02
2.767527675276752579e-03
3.690036900369003583e-03
2.767527675276752579e-03
3.690036900369003583e-03
3.690036900369003583e-03
3.690036900369003583e-03
3.690036900369003583e-03
3.690036900369003583e-03
0.000000000000000000e+00
3.690036900369003583e-03
2.635740643120716535e-03
3.690036900369003583e-03
3.690036900369003583e-03
3.690036900369003583e-03
3.690036900369003583e-03
3.690036900369003583e-03
3.690036900369003583e-03
2.635740643120716535e-03
3.690036900369003583e-03
2.635740643120716535e-03
3.690036900369003583e-03
8.849168508049130898e-04
0.000000000000000000e+00
3.690036900369003583e-03
1.845018450184501791e-03
3.690036900369003583e-03
3.690036900369003583e-03
2.635740643120716535e-03
3.690036900369003583e-03
7.380073800738007166e-03
3.690036900369003583e-03
3.690036900369003583e-03
3.690036900369004016e-03
3.690036900369003583e-03
2.767527675276752579e-03
3.690036900369003583e-03
3.690036900369003583e-03
0.000000000000000000e+00
3.690036900369003583e-03
3.690036900369003583e-03
2.635740643120716535e-03
2.706027060270602917e-03
2.848127683637563436e-03
2.635740643120716535e-03
8.849168508049130898e-04
3.690036900369003583e-03
3.690036900369003583e-03
3.690036900369003583e-03
2.755108404954651011e-03
0.000000000000000000e+00
1.631417375268414457e-03
3.690036900369003583e-03
2.414438656666401464e-03
1.289612554125496016e-03
2.460024600246002533e-03
3.690036900369003583e-03
2.805120049564090168e-03
0.000000000000000000e+00
3.690036900369003583e-03
2.635740643120716535e-03
2.760291219314609662e-03
3.690036900369003583e-03
0.000000000000000000e+00
3.690036900369003583e-03
3.690036900369003583e-03
3.690036900369003583e-03
0.000000000000000000e+00
3.690036900369003583e-03
0.000000000000000000e+00
0.000000000000000000e+00
3.690036900369003583e-03
2.635740643120716535e-03
3.690036900369003583e-03
3.690036900369003583e-03
3.690036900369003583e-03
3.690036900369003583e-03
3.690036900369003583e-03
6.412005272008855679e-04
0.000000000000000000e+00
0.000000000000000000e+00
0.000000000000000000e+00
3.690036900369003583e-03
3.690036900369003583e-03
3.690036900369004016e-03
3.036222065920450401e-03
9.108666197761350336e-03
3.690036900369004016e-03
0.000000000000000000e+00
3.690036900369003583e-03
3.690036900369003583e-03
1.845018450184501791e-03
3.690036900369003583e-03
3.690036900369003583e-03
3.690036900369003583e-03
3.690036900369003583e-03
0.000000000000000000e+00
3.690036900369003583e-03
3.690036900369003583e-03
2.635740643120716535e-03
7.380073800738007166e-03
3.690036900369004016e-03
6.412005272008855679e-04
3.690036900369003583e-03
8.849168508049130898e-04
3.690036900369003583e-03
3.690036900369003583e-03
3.690036900369003583e-03
3.690036900369003583e-03
3.690036900369003583e-03
3.690036900369003583e-03
2.635740643120716535e-03
3.690036900369003583e-03
3.690036900369003583e-03
3.690036900369003583e-03
0.000000000000000000e+00
3.690036900369003583e-03
3.690036900369003583e-03
3.690036900369003583e-03
3.690036900369003583e-03
3.690036900369003583e-03
3.690036900369003583e-03
3.690036900369003583e-03
3.690036900369003583e-03
3.690036900369003583e-03
3.690036900369003583e-03
3.690036900369003583e-03
