4.268032437046521748e-04
5.690709916062029359e-04
4.268032437046521748e-04
8.536064874093043497e-04
8.962868117797695780e-03
4.268032437046521748e-04
8.536064874093043497e-04
4.268032437046521748e-04
4.268032437046521748e-04
4.268032437046521748e-04
1.280409731113956416e-03
4.268032437046521748e-04
4.268032437046521748e-04
0.000000000000000000e+00
4.268032437046521965e-03
4.268032437046521748e-04
4.268032437046521748e-04
0.000000000000000000e+00
4.268032437046521748e-04
4.268032437046521748e-04
4.268032437046521748e-04
4.268032437046521748e-04
0.000000000000000000e+00
4.268032437046521748e-04
4.268032437046521748e-04
4.268032437046521748e-04
4.268032437046521748e-04
4.268032437046521748e-04
4.268032437046521748e-04
4.268032437046521748e-04
4.268032437046521748e-04
2.134016218523260874e-04
3.201024327784891040e-04
4.268032437046521748e-04
4.268032437046521748e-04
0.000000000000000000e+00
0.000000000000000000e+00
4.268032437046521748e-04
1.280409731113956416e-02
0.000000000000000000e+00
4.268032437046521748e-04
4.268032437046521748e-04
0.000000000000000000e+00
4.268032437046521748e-04
2.845354958031014680e-04
3.201024327784891040e-04
4.268032437046521748e-04
4.268032437046521748e-04
4.268032437046521748e-04
0.000000000000000000e+00
4.268032437046521748e-04
8.536064874093043497e-04
0.000000000000000000e+00
0.000000000000000000e+00
3.425704805258964663e-04
0.000000000000000000e+00
4.268032437046521748e-04
4.268032437046522290e-04
1.886957356797867380e-04
0.000000000000000000e+00
2.560819462227912832e-03
4.268032437046521748e-04
2.909099102488068873e-04
8.536064874093043497e-04
4.268032437046521748e-04
4.268032437046521748e-04
0.000000000000000000e+00
2.134016218523260874e-04
2.845354958031014680e-04
4.268032437046521748e-04
4.268032437046521748e-04
4.268032437046521748e-04
4.268032437046521748e-04
1.280409731113956416e-03
4.455687865175523947e-04
1.280409731113956416e-03
4.268032437046521748e-04
1.438634077120163604e-03
4.268032437046521748e-04
3.713419621271086906e-04
4.268032437046521748e-04
5.910619476085362742e-04
4.268032437046521748e-04
4.268032437046521748e-04
4.268032437046521748e-04
4.268032437046521748e-04
4.268032437046521748e-04
4.268032437046521748e-04
8.536064874093043497e-04
4.268032437046521748e-04
4.268032437046521748e-04
0.000000000000000000e+00
4.268032437046521748e-04
4.694835680751173815e-03
8.368776458771008675e-03
3.358581871805884234e-03
0.000000000000000000e+00
4.268032437046521748e-04
0.000000000000000000e+00
7.562262916583778482e-05
4.268032437046521748e-04
4.268032437046521748e-04
4.268032437046521748e-04
4.268032437046521748e-04
7.909134820912222703e-04
4.268032437046521748e-04
0.000000000000000000e+00
4.268032437046521748e-04
4.268032437046521748e-04
4.268032437046522290e-04
4.268032437046521748e-04
4.268032437046521748e-04
2.134016218523260983e-03
0.000000000000000000e+00
4.268032437046521748e-04
4.268032437046521748e-04
4.268032437046521748e-04
4.268032437046521748e-04
4.268032437046521748e-04
4.268032437046521748e-04
3.414425949637217399e-03
4.268032437046521748e-04
0.000000000000000000e+00
4.268032437046521748e-04
4.268032437046521748e-04
4.268032437046521748e-04
1.422677479015507340e-04
4.268032437046521748e-04
4.268032437046521748e-04
4.268032437046521748e-04
4.268032437046521748e-04
8.536064874093043497e-04
4.268032437046521748e-04
0.000000000000000000e+00
4.268032437046521748e-04
4.268032437046521748e-04
4.268032437046521748e-04
2.134016218523260983e-03
4.268032437046521748e-04
4.647174904032526366e-04
4.268032437046521748e-04
4.268032437046521748e-04
0.000000000000000000e+00
4.268032437046521748e-04
3.077494896922194564e-04
4.268032437046521748e-04
2.438875678312297948e-04
0.000000000000000000e+00
4.268032437046521748e-04
4.268032437046521748e-04
1.280409731113956416e-03
0.000000000000000000e+00
4.268032437046521748e-04
4.268032437046521748e-04
4.268032437046521748e-04
4.268032437046521748e-04
2.845354958031014680e-04
1.707212974818608483e-04
2.134016218523260874e-04
0.000000000000000000e+00
4.268032437046521748e-04
2.560819462227912724e-04
4.268032437046521748e-04
4.268032437046521748e-04
0.000000000000000000e+00
4.268032437046521748e-04
4.268032437046521748e-04
4.268032437046521748e-04
4.268032437046521748e-04
4.268032437046521748e-04
1.707212974818608699e-03
0.000000000000000000e+00
4.268032437046521748e-04
4.268032437046521748e-04
1.411280069736846072e-03
4.268032437046521748e-04
4.268032437046521748e-04
4.268032437046521748e-04
4.268032437046521748e-04
1.280409731113956416e-03
4.268032437046521748e-04
0.000000000000000000e+00
4.268032437046521748e-04
4.268032437046521748e-04
4.268032437046521748e-04
4.640332893104721522e-04
4.268032437046521748e-04
5.013760639706927756e-04
2.134016218523260874e-04
4.268032437046521748e-04
4.268032437046521748e-04
2.134016218523260983e-03
4.268032437046521748e-04
4.268032437046521748e-04
4.268032437046521748e-04
4.268032437046521748e-04
4.268032437046521748e-04
4.268032437046521748e-04
4.268032437046521748e-04
4.268032437046521748e-04
4.268032437046521748e-04
4.268032437046521748e-04
4.268032437046521748e-04
4.268032437046521748e-04
0.000000000000000000e+00
4.268032437046521748e-04
1.023527386120919378e-04
2.134016218523260983e-03
4.268032437046521748e-04
6.402048655569782080e-04
4.268032437046521748e-04
4.268032437046521748e-04
4.268032437046521748e-04
4.268032437046521748e-04
4.268032437046521748e-04
4.268032437046521748e-04
4.268032437046521748e-04
3.713419621271086906e-04
4.268032437046521748e-04
2.560819462227912832e-03
4.268032437046521748e-04
4.268032437046521748e-04
4.268032437046521748e-04
2.134016218523260874e-04
3.201024327784891040e-04
4.268032437046521748e-04
2.134016218523260874e-04
2.134016218523260874e-04
4.268032437046521748e-04
4.268032437046521748e-04
4.268032437046521748e-04
1.707212974818608699e-03
6.402048655569782080e-03
4.268032437046521748e-04
4.268032437046521748e-04
4.268032437046521748e-04
4.268032437046521748e-04
4.268032437046521748e-04
4.268032437046521748e-04
4.268032437046521748e-04
4.268032437046521748e-04
4.268032437046522290e-04
4.268032437046521748e-04
4.268032437046521748e-04
1.655993503829236279e-04
2.560819462227912832e-03
2.560819462227912832e-03
8.536064874093043497e-04
4.268032437046521748e-04
4.268032437046521748e-04
4.268032437046521748e-04
4.268032437046521748e-04
1.422677479015507340e-04
2.134016218523260874e-04
4.268032437046521748e-04
4.268032437046521748e-04
4.268032437046521748e-04
8.536064874093043497e-04
4.268032437046521748e-04
4.268032437046521748e-04
0.000000000000000000e+00
0.000000000000000000e+00
0.000000000000000000e+00
1.280409731113956416e-03
4.268032437046521748e-04
3.244505050925602235e-04
0.000000000000000000e+00
5.690709916062029359e-04
6.402048655569782080e-04
3.734528382415706936e-04
4.268032437046521748e-04
4.268032437046521748e-04
4.268032437046521748e-04
4.268032437046521748e-04
4.268032437046521748e-04
4.268032437046521748e-04
3.999026575689106121e-04
2.845354958031014680e-04
4.268032437046521748e-04
4.268032437046521748e-04
0.000000000000000000e+00
2.381075080248654097e-04
4.268032437046521748e-04
0.000000000000000000e+00
3.201024327784891040e-04
1.422677479015507340e-04
2.845354958031014680e-04
4.268032437046521748e-04
4.268032437046521748e-04
4.268032437046521748e-04
4.268032437046521748e-04
4.268032437046521748e-04
4.268032437046521748e-04
4.268032437046521748e-04
4.268032437046521748e-04
0.000000000000000000e+00
4.268032437046521748e-04
4.268032437046521748e-04
5.295323232375945526e-04
4.268032437046521748e-04
0.000000000000000000e+00
2.134016218523260874e-04
4.268032437046521748e-04
4.268032437046521748e-04
0.000000000000000000e+00
5.740910294375994828e-04
4.268032437046521748e-04
4.268032437046521748e-04
4.268032437046521748e-04
4.268032437046521748e-04
4.268032437046521748e-04
4.268032437046521748e-04
2.947291326514584787e-04
4.268032437046521748e-04
3.556693697538768485e-04
4.268032437046521748e-04
4.268032437046521748e-04
4.268032437046521748e-04
4.268032437046521748e-04
4.268032437046521748e-04
4.268032437046521748e-04
4.268032437046521748e-04
2.134016218523260874e-04
4.268032437046521748e-04
4.268032437046521748e-04
4.268032437046521748e-04
3.067391387916723741e-04
1.116722327339417621e-04
4.687704404778950703e-04
4.268032437046521748e-04
4.268032437046521748e-04
2.134016218523260983e-03
4.268032437046521748e-04
4.268032437046521748e-04
4.268032437046521748e-04
1.067008109261630437e-04
4.268032437046521748e-04
4.268032437046521748e-04
4.268032437046521748e-04
4.268032437046521748e-04
4.268032437046521748e-04
4.268032437046521748e-04
4.732312314828882060e-04
4.268032437046521748e-04
4.268032437046521748e-04
3.727346089933227836e-04
4.268032437046521748e-04
1.503123878184273491e-04
3.999026575689106121e-04
3.999026575689106121e-04
4.268032437046521748e-04
2.845354958031014680e-04
0.000000000000000000e+00
0.000000000000000000e+00
8.536064874093043497e-04
8.341084046228076617e-04
0.000000000000000000e+00
4.268032437046521748e-04
4.268032437046521748e-04
4.268032437046521748e-04
4.268032437046521748e-04
4.268032437046521748e-04
4.268032437046521748e-04
4.268032437046521748e-04
4.268032437046521748e-04
1.707212974818608699e-03
3.244505050925602235e-04
4.268032437046521748e-04
4.268032437046521748e-04
0.000000000000000000e+00
0.000000000000000000e+00
2.845354958031014680e-04
2.845354958031014680e-04
0.000000000000000000e+00
4.268032437046521748e-04
4.268032437046521748e-04
1.422677479015507340e-04
2.134016218523260874e-04
4.268032437046521748e-04
5.038598866449454537e-04
4.268032437046521748e-04
4.268032437046521748e-04
4.268032437046521748e-04
8.109261630388390346e-03
0.000000000000000000e+00
0.000000000000000000e+00
5.966453302057352906e-04
4.268032437046521748e-04
4.268032437046521748e-04
4.268032437046521748e-04
4.268032437046521748e-04
2.845354958031014680e-04
4.268032437046521748e-04
6.402048655569782080e-03
4.268032437046521748e-04
4.268032437046521748e-04
4.268032437046521748e-04
1.067008109261630437e-04
0.000000000000000000e+00
4.268032437046521748e-04
1.280409731113956416e-03
1.437166724814712294e-03
8.536064874093043497e-04
2.987622705932565115e-03
4.268032437046521748e-04
4.268032437046521748e-04
4.268032437046521748e-04
1.422677479015507340e-04
2.845354958031014680e-04
4.268032437046521748e-04
4.268032437046521748e-04
4.701861756315607686e-04
4.268032437046522290e-04
4.268032437046521748e-04
3.350878247345686419e-04
5.077325557125005355e-04
2.560819462227912832e-03
4.074858173436497581e-04
3.713419621271086906e-04
4.268032437046521748e-04
4.268032437046521748e-04
4.268032437046521748e-04
4.268032437046521748e-04
4.268032437046521748e-04
0.000000000000000000e+00
4.268032437046521748e-04
5.975245411865130231e-04
0.000000000000000000e+00
0.000000000000000000e+00
4.268032437046521748e-04
0.000000000000000000e+00
4.268032437046521748e-04
4.268032437046521748e-04
4.268032437046521748e-04
4.268032437046521748e-04
4.268032437046521748e-04
0.000000000000000000e+00
4.268032437046521748e-04
4.268032437046521748e-04
4.268032437046521748e-04
2.845354958031014680e-04
2.134016218523260874e-04
2.845354958031014680e-04
5.341870540152173072e-04
4.687704404778950703e-04
0.000000000000000000e+00
4.268032437046521748e-04
3.337156244193207732e-04
2.560819462227912832e-03
4.268032437046521748e-04
4.268032437046521748e-04
4.268032437046521748e-04
4.268032437046521748e-04
4.268032437046521748e-04
0.000000000000000000e+00
1.422677479015507340e-04
4.268032437046521748e-04
4.268032437046521748e-04
4.268032437046521748e-04
1.280409731113956416e-03
4.268032437046521748e-04
4.268032437046521748e-04
4.268032437046521748e-04
4.268032437046521748e-04
4.268032437046521748e-04
4.268032437046521748e-04
4.268032437046521748e-04
4.268032437046521748e-04
4.268032437046521748e-04
2.909099102488068873e-04
4.268032437046521748e-04
4.268032437046521748e-04
7.871293176237393946e-04
2.947291326514584787e-04
2.950807716973157229e-04
4.268032437046521748e-04
4.268032437046521748e-04
3.280502718054804988e-04
2.134016218523260874e-04
4.268032437046521748e-04
4.268032437046521748e-04
4.268032437046521748e-04
4.268032437046521748e-04
6.402048655569782080e-03
4.268032437046521748e-04
5.038598866449454537e-04
4.268032437046521748e-04
4.268032437046521748e-04
4.268032437046521748e-04
4.268032437046521748e-04
7.789069950366358771e-04
4.649035772818486977e-04
4.268032437046522290e-04
4.268032437046521748e-04
0.000000000000000000e+00
4.268032437046521748e-04
4.268032437046521748e-04
4.268032437046521748e-04
4.268032437046521748e-04
4.268032437046521748e-04
0.000000000000000000e+00
4.268032437046521748e-04
4.268032437046521748e-04
1.422677479015507340e-04
4.034492256809064231e-04
2.845354958031014680e-04
2.987622705932565115e-03
4.268032437046521748e-04
3.916340390341554903e-04
4.268032437046521748e-04
4.268032437046521748e-04
4.268032437046521748e-04
8.536064874093043497e-04
4.268032437046521748e-04
4.268032437046521748e-04
4.268032437046521748e-04
4.268032437046521748e-04
4.268032437046521748e-04
0.000000000000000000e+00
4.268032437046521748e-04
4.268032437046521748e-04
2.134016218523260874e-04
4.268032437046522290e-04
2.134016218523260874e-04
4.268032437046521748e-04
2.292602199117046882e-04
2.292602199117046882e-04
1.211229504890459058e-04
3.576284573652914445e-04
0.000000000000000000e+00
4.268032437046521748e-04
3.727346089933227836e-04
0.000000000000000000e+00
0.000000000000000000e+00
4.268032437046521748e-04
2.134016218523260983e-03
4.268032437046521748e-04
4.268032437046521748e-04
4.268032437046521748e-04
2.616932107406993221e-04
4.268032437046521748e-04
4.268032437046521748e-04
4.268032437046521748e-04
4.268032437046521748e-04
4.732312314828882060e-04
4.268032437046521748e-04
4.268032437046521748e-04
5.038598866449454537e-04
4.268032437046521748e-04
3.556693697538768485e-04
4.268032437046521748e-04
4.268032437046521748e-04
3.576284573652914445e-04
4.268032437046521748e-04
0.000000000000000000e+00
4.268032437046521748e-04
4.268032437046521748e-04
4.268032437046521748e-04
3.414425949637216965e-04
4.268032437046521748e-04
2.641482221063874464e-04
0.000000000000000000e+00
0.000000000000000000e+00
4.268032437046521748e-04
4.268032437046521748e-04
4.558847793237537924e-04
2.987622705932565115e-03
4.268032437046521748e-04
4.268032437046521748e-04
4.268032437046521748e-04
4.268032437046521748e-04
4.268032437046521748e-04
4.268032437046521748e-04
4.268032437046521748e-04
4.268032437046521748e-04
0.000000000000000000e+00
2.845354958031014680e-04
4.268032437046521748e-04
4.268032437046521748e-04
4.268032437046521748e-04
4.268032437046521748e-04
6.884964544453514969e-04
4.268032437046521748e-04
4.268032437046521748e-04
3.556693697538768485e-04
0.000000000000000000e+00
3.201024327784891040e-04
4.268032437046521748e-04
4.268032437046521748e-04
4.268032437046521748e-04
3.872776863901592273e-04
4.268032437046521748e-04
4.268032437046521748e-04
0.000000000000000000e+00
4.268032437046521748e-04
4.268032437046521748e-04
4.268032437046521748e-04
2.987622705932565115e-04
4.268032437046521748e-04
1.707212974818608699e-03
4.268032437046521748e-04
4.268032437046521748e-04
2.560819462227912832e-03
4.268032437046521748e-04
4.268032437046521748e-04
0.000000000000000000e+00
4.268032437046521748e-04
4.268032437046521748e-04
2.845354958031014680e-04
3.201024327784891040e-04
3.201024327784891040e-04
1.567223359930371390e-04
0.000000000000000000e+00
4.268032437046521748e-04
0.000000000000000000e+00
3.201024327784891040e-04
2.438875678312297948e-04
4.268032437046521748e-04
0.000000000000000000e+00
4.268032437046521748e-04
4.268032437046521748e-04
4.268032437046521748e-04
4.268032437046521748e-04
4.268032437046521748e-04
0.000000000000000000e+00
3.586263573797245194e-04
4.268032437046521748e-04
4.268032437046521748e-04
7.909134820912222703e-04
5.369513931990396553e-04
5.311521645613980500e-04
4.268032437046521748e-04
2.134016218523260983e-03
5.690709916062029359e-04
4.268032437046521748e-04
4.268032437046521748e-04
8.536064874093043497e-04
5.109431771086886398e-04
4.268032437046521748e-04
3.727346089933227836e-04
2.845354958031014680e-04
0.000000000000000000e+00
5.335040546308152457e-04
4.268032437046521748e-04
4.268032437046521748e-04
4.268032437046521748e-04
1.280409731113956416e-03
4.268032437046521748e-04
6.884964544453514969e-04
4.268032437046521748e-04
4.268032437046521748e-04
6.828851899274433930e-04
4.268032437046521748e-04
4.268032437046521748e-04
4.268032437046521748e-04
4.268032437046521748e-04
4.268032437046521748e-04
4.268032437046521748e-04
2.488157869037571027e-04
8.536064874093043497e-04
1.422677479015507340e-04
4.268032437046521748e-04
4.687704404778950703e-04
4.268032437046521748e-04
6.154989793844389129e-04
0.000000000000000000e+00
4.268032437046522290e-04
4.268032437046521748e-04
4.268032437046521748e-04
4.268032437046521748e-04
4.268032437046521748e-04
4.268032437046521748e-04
4.268032437046521748e-04
4.268032437046521748e-04
4.268032437046521748e-04
4.268032437046521748e-04
4.268032437046521748e-04
4.268032437046521748e-04
2.134016218523260874e-04
4.268032437046521748e-04
1.280409731113956416e-03
4.268032437046521748e-04
6.154989793844389129e-04
4.268032437046521748e-04
4.268032437046521748e-04
7.789069950366358771e-04
4.268032437046521748e-04
2.134016218523260874e-04
4.268032437046521748e-04
0.000000000000000000e+00
2.406280051339893173e-04
2.406280051339893173e-04
0.000000000000000000e+00
8.536064874093043497e-04
4.268032437046521748e-04
8.536064874093043497e-04
5.487470276202671129e-04
4.268032437046521748e-04
2.134016218523260874e-04
4.268032437046521748e-04
4.268032437046521748e-04
2.987622705932565115e-03
4.268032437046521748e-04
4.268032437046521748e-04
3.841229193341869248e-03
4.268032437046521748e-04
2.579942705565029253e-04
1.280409731113956416e-03
1.422677479015507340e-04
0.000000000000000000e+00
4.268032437046521748e-04
2.134016218523260874e-04
4.268032437046521748e-04
4.268032437046521748e-04
4.268032437046521748e-04
2.560819462227912832e-03
4.866757576388403353e-04
4.268032437046521748e-04
1.280409731113956416e-03
2.845354958031014680e-04
2.134016218523260874e-04
4.268032437046521748e-04
4.268032437046521748e-04
4.268032437046521748e-04
4.268032437046521748e-04
4.268032437046521748e-04
4.268032437046521748e-04
4.268032437046521748e-04
4.268032437046521748e-04
2.292602199117046882e-04
4.268032437046521748e-04
4.268032437046521748e-04
4.268032437046521748e-04
5.784230991360495228e-04
0.000000000000000000e+00
3.201024327784891040e-04
4.268032437046521748e-04
4.268032437046521748e-04
4.268032437046521748e-04
0.000000000000000000e+00
0.000000000000000000e+00
4.268032437046521748e-04
0.000000000000000000e+00
3.201024327784891040e-04
2.909099102488068873e-04
0.000000000000000000e+00
1.422677479015507340e-04
6.179383295516779439e-05
3.999026575689106121e-04
4.268032437046521748e-04
4.268032437046521748e-04
4.268032437046521748e-04
4.268032437046521748e-04
4.268032437046521748e-04
4.268032437046521748e-04
4.268032437046521748e-04
8.536064874093043497e-04
4.268032437046521748e-04
4.268032437046521748e-04
0.000000000000000000e+00
4.268032437046521748e-04
4.268032437046521748e-04
4.268032437046521748e-04
2.134016218523260874e-04
4.268032437046521748e-04
8.536064874093043497e-04
4.268032437046521748e-04
4.268032437046521748e-04
4.268032437046521748e-04
4.268032437046521748e-04
4.205465231054781997e-04
4.268032437046521748e-04
4.268032437046521748e-04
4.268032437046521748e-04
4.268032437046521748e-04
1.422677479015507340e-04
4.268032437046521748e-04
0.000000000000000000e+00
4.268032437046521748e-04
1.314770056960345339e-03
0.000000000000000000e+00
4.268032437046521748e-04
0.000000000000000000e+00
4.268032437046521748e-04
2.616932107406993221e-04
3.556693697538768485e-04
1.422677479015507340e-04
4.268032437046521748e-04
4.268032437046521748e-04
4.268032437046521748e-04
0.000000000000000000e+00
1.280409731113956416e-03
4.268032437046521748e-04
4.268032437046521748e-04
4.268032437046521748e-04
0.000000000000000000e+00
2.134016218523260983e-03
2.845354958031014680e-04
6.154989793844389129e-04
4.268032437046521748e-04
0.000000000000000000e+00
4.268032437046521748e-04
2.560819462227912832e-03
0.000000000000000000e+00
2.560819462227912724e-04
4.268032437046521748e-04
8.536064874093043497e-04
2.987622705932565115e-04
0.000000000000000000e+00
2.134016218523260874e-04
4.268032437046521748e-04
4.268032437046521748e-04
4.268032437046521748e-04
2.134016218523260874e-04
4.268032437046521748e-04
4.268032437046521748e-04
4.268032437046521748e-04
1.774866028399476724e-03
4.268032437046521748e-04
4.268032437046521748e-04
1.829156758734223529e-04
4.268032437046521748e-04
2.134016218523260874e-04
0.000000000000000000e+00
4.034492256809064231e-04
8.536064874093043497e-04
5.919132766686050276e-04
4.268032437046521748e-04
1.886957356797867380e-04
4.268032437046521748e-04
1.975430237929474595e-04
4.268032437046521748e-04
5.295323232375945526e-04
4.268032437046521748e-04
4.268032437046521748e-04
4.268032437046521748e-04
4.268032437046521748e-04
4.268032437046521748e-04
4.268032437046521748e-04
8.536064874093043497e-04
2.134016218523260874e-04
0.000000000000000000e+00
4.268032437046521748e-04
4.268032437046521748e-04
2.641482221063874464e-04
4.268032437046521748e-04
0.000000000000000000e+00
4.694835680751173815e-03
7.909134820912222703e-04
6.402048655569782080e-04
4.268032437046521748e-04
4.268032437046521748e-04
4.268032437046521748e-04
3.474340743630303626e-04
4.268032437046521748e-04
4.268032437046521748e-04
4.268032437046521748e-04
1.422677479015507340e-04
4.268032437046521748e-04
4.268032437046521748e-04
4.268032437046521748e-04
3.244505050925602235e-04
4.268032437046521748e-04
2.947291326514584787e-04
2.713099820076190615e-04
4.268032437046521748e-04
0.000000000000000000e+00
4.268032437046521748e-04
0.000000000000000000e+00
0.000000000000000000e+00
2.570239252809785680e-04
2.134016218523260874e-04
4.268032437046521748e-04
4.268032437046521748e-04
1.067008109261630437e-04
0.000000000000000000e+00
4.268032437046521748e-04
6.851409610517928241e-04
2.134016218523260874e-04
4.268032437046521748e-04
3.841229193341869248e-03
4.268032437046521748e-04
1.280409731113956416e-03
8.536064874093043497e-04
4.268032437046521748e-04
4.268032437046521748e-04
2.845354958031014680e-04
3.077494896922194564e-04
1.422677479015507340e-04
3.487555066139291565e-04
4.268032437046521748e-04
2.134016218523260874e-04
0.000000000000000000e+00
4.268032437046521748e-04
4.268032437046521748e-04
2.134016218523260874e-04
4.034492256809064231e-04
4.268032437046521748e-04
4.268032437046521748e-04
4.268032437046521748e-04
0.000000000000000000e+00
4.268032437046521748e-04
4.268032437046521748e-04
2.845354958031014680e-04
4.268032437046521748e-04
4.268032437046521748e-04
1.437166724814712294e-03
4.268032437046521748e-04
4.268032437046521748e-04
4.268032437046521748e-04
4.268032437046521748e-04
4.268032437046521748e-04
4.268032437046521748e-04
2.438875678312297948e-04
3.658313517468447058e-04
7.512537487972123984e-04
4.268032437046521748e-04
4.268032437046521748e-04
4.268032437046521748e-04
0.000000000000000000e+00
4.268032437046521748e-04
4.268032437046521748e-04
4.268032437046521748e-04
4.268032437046521748e-04
4.268032437046521748e-04
4.268032437046521748e-04
4.268032437046521748e-04
0.000000000000000000e+00
0.000000000000000000e+00
4.268032437046521748e-04
4.268032437046521748e-04
2.134016218523260983e-03
4.268032437046521748e-04
2.560819462227912832e-03
8.536064874093043497e-04
4.268032437046521748e-04
2.134016218523260983e-03
1.280409731113956416e-03
0.000000000000000000e+00
4.268032437046521748e-04
4.268032437046521748e-04
4.268032437046521748e-04
4.268032437046521748e-04
4.268032437046521748e-04
1.422677479015507340e-04
0.000000000000000000e+00
4.268032437046521748e-04
0.000000000000000000e+00
2.884536710259306600e-04
4.268032437046521748e-04
4.268032437046521748e-04
3.713419621271086906e-04
1.067008109261630437e-04
5.032233170085537556e-04
3.201024327784891040e-04
5.740910294375994828e-04
4.588534016937731940e-04
4.268032437046521748e-04
4.268032437046521748e-04
4.268032437046521748e-04
4.268032437046521748e-04
0.000000000000000000e+00
4.268032437046521748e-04
4.268032437046521748e-04
0.000000000000000000e+00
4.268032437046521748e-04
2.845354958031014680e-04
1.422677479015507340e-04
4.662016182695498867e-04
4.268032437046521748e-04
4.268032437046521748e-04
2.560819462227912832e-03
4.268032437046521748e-04
2.134016218523260874e-04
4.268032437046521748e-04
5.975245411865130231e-04
4.268032437046521748e-04
4.268032437046521748e-04
6.284115364480482527e-04
2.398903938299510544e-04
4.268032437046521748e-04
4.268032437046521748e-04
4.268032437046521748e-04
0.000000000000000000e+00
0.000000000000000000e+00
7.562262916583778482e-05
2.431590278921614884e-04
5.341870540152173072e-04
4.268032437046521748e-04
1.360440447294341193e-04
0.000000000000000000e+00
4.268032437046521748e-04
4.268032437046521748e-04
4.268032437046521748e-04
4.268032437046521748e-04
0.000000000000000000e+00
4.268032437046521748e-04
4.268032437046521748e-04
4.268032437046521748e-04
4.268032437046521748e-04
3.576284573652914445e-04
1.219437839156148974e-04
0.000000000000000000e+00
4.268032437046521748e-04
1.219437839156148974e-04
4.268032437046521748e-04
1.422677479015507340e-04
0.000000000000000000e+00
4.268032437046521748e-04
0.000000000000000000e+00
4.268032437046521748e-04
3.674180865308994143e-04
8.536064874093043497e-04
4.268032437046521748e-04
4.268032437046521748e-04
1.067008109261630437e-04
4.268032437046521748e-04
7.464473607112713082e-04
4.916180765389941993e-04
1.944444985030259108e-04
3.425704805258964663e-04
4.268032437046521748e-04
4.268032437046521748e-04
0.000000000000000000e+00
0.000000000000000000e+00
4.268032437046521748e-04
2.845354958031014680e-04
4.268032437046521748e-04
3.727346089933227836e-04
3.793806610708019573e-04
4.268032437046521748e-04
4.268032437046521748e-04
4.268032437046521748e-04
4.268032437046521748e-04
4.268032437046521748e-04
4.268032437046521748e-04
4.268032437046521748e-04
4.268032437046521748e-04
3.741737919851184343e-04
4.268032437046521748e-04
1.422677479015507340e-04
4.268032437046521748e-04
4.268032437046521748e-04
4.268032437046521748e-04
4.268032437046521748e-04
4.268032437046521748e-04
4.268032437046521748e-04
4.268032437046521748e-04
8.536064874093043497e-04
1.350231250019481757e-04
0.000000000000000000e+00
4.268032437046521748e-04
4.268032437046521748e-04
4.268032437046521748e-04
6.884964544453514969e-04
4.268032437046521748e-04
4.324892634198237540e-04
4.268032437046521748e-04
4.268032437046521748e-04
4.268032437046521748e-04
4.268032437046521748e-04
4.268032437046521748e-04
4.268032437046521748e-04
4.268032437046521748e-04
1.422677479015507340e-04
3.713419621271086906e-04
1.742679753252222548e-03
2.134016218523260983e-03
4.268032437046521748e-04
4.268032437046521748e-04
4.268032437046521748e-04
4.268032437046521748e-04
4.268032437046521748e-04
4.268032437046521748e-04
4.268032437046521748e-04
1.422677479015507340e-04
4.268032437046521748e-04
4.268032437046521748e-04
4.268032437046521748e-04
4.268032437046521748e-04
2.845354958031014680e-04
1.280409731113956416e-03
4.268032437046521748e-04
4.268032437046521748e-04
3.741737919851184343e-04
4.268032437046521748e-04
4.268032437046521748e-04
2.947291326514584787e-04
4.268032437046521748e-04
4.268032437046521748e-04
8.536064874093043497e-04
4.268032437046521748e-04
4.268032437046521748e-04
1.422677479015507340e-04
4.268032437046521748e-04
0.000000000000000000e+00
4.268032437046521748e-04
0.000000000000000000e+00
3.793806610708018489e-04
2.909099102488068873e-04
0.000000000000000000e+00
4.268032437046521748e-04
0.000000000000000000e+00
3.793806610708018489e-04
4.268032437046521748e-04
0.000000000000000000e+00
4.268032437046521748e-04
4.268032437046521748e-04
4.268032437046521748e-04
4.268032437046521748e-04
4.687704404778950703e-04
4.268032437046521748e-04
0.000000000000000000e+00
4.268032437046521748e-04
4.268032437046521748e-04
4.268032437046521748e-04
6.402048655569782080e-04
0.000000000000000000e+00
4.268032437046521748e-04
2.134016218523260874e-04
4.268032437046521748e-04
4.268032437046521748e-04
4.268032437046521748e-04
4.268032437046521748e-04
4.268032437046521748e-04
1.659876337568683309e-03
4.268032437046521748e-04
4.268032437046521748e-04
0.000000000000000000e+00
4.268032437046521748e-04
4.268032437046521748e-04
4.268032437046521748e-04
4.268032437046521748e-04
4.268032437046521748e-04
2.845354958031014680e-04
1.422677479015507340e-04
2.292602199117046882e-04
1.707212974818608699e-03
4.979371176554275554e-04
4.268032437046521748e-04
3.727346089933227836e-04
4.268032437046521748e-04
1.018716520373257311e-03
5.690709916062029359e-04
4.268032437046521748e-04
5.077325557125005355e-04
5.408975656617437183e-04
4.268032437046521748e-04
4.268032437046521748e-04
4.268032437046521748e-04
2.134016218523260874e-04
4.268032437046521748e-04
5.529817117724497057e-04
4.268032437046521748e-04
4.268032437046521748e-04
2.134016218523260874e-04
4.268032437046521748e-04
4.268032437046521748e-04
1.528401466078031345e-04
2.947291326514584787e-04
2.947291326514584787e-04
4.268032437046521748e-04
4.268032437046521748e-04
0.000000000000000000e+00
3.999026575689106121e-04
5.077325557125005355e-04
4.268032437046521748e-04
1.886957356797867380e-04
0.000000000000000000e+00
4.268032437046521748e-04
0.000000000000000000e+00
4.268032437046521748e-04
4.268032437046521748e-04
3.925398161110489831e-04
0.000000000000000000e+00
4.268032437046521748e-04
4.268032437046521748e-04
0.000000000000000000e+00
0.000000000000000000e+00
1.422677479015507340e-04
5.743436295533100363e-04
4.268032437046521748e-04
5.743436295533100363e-04
4.268032437046521748e-04
5.743436295533100363e-04
4.268032437046521748e-04
8.536064874093043497e-04
1.159286780624910456e-03
4.268032437046521748e-04
4.268032437046521748e-04
4.268032437046521748e-04
2.134016218523260983e-03
4.268032437046521748e-04
4.268032437046521748e-04
0.000000000000000000e+00
8.536064874093043497e-04
4.268032437046521748e-04
5.975245411865130231e-04
4.268032437046521748e-04
1.280409731113956416e-03
5.233864214813986442e-04
4.268032437046521748e-04
3.201024327784891040e-04
4.268032437046521748e-04
2.845354958031014680e-04
4.268032437046521748e-04
4.268032437046521748e-04
4.268032437046521748e-04
4.268032437046521748e-04
1.422677479015507340e-04
4.268032437046521748e-04
4.268032437046521748e-04
0.000000000000000000e+00
4.268032437046521748e-04
4.268032437046521748e-04
4.268032437046521748e-04
5.690709916062029359e-04
6.884964544453514969e-04
4.268032437046521748e-04
4.268032437046521748e-04
5.295323232375945526e-04
4.268032437046521748e-04
4.268032437046521748e-04
4.268032437046521748e-04
8.962868117797695780e-03
3.201024327784891040e-04
4.268032437046521748e-04
4.268032437046521748e-04
6.402048655569782080e-04
4.268032437046521748e-04
4.268032437046521748e-04
0.000000000000000000e+00
4.268032437046521748e-04
4.268032437046521748e-04
4.268032437046521748e-04
0.000000000000000000e+00
4.268032437046521748e-04
4.268032437046521748e-04
4.268032437046521748e-04
4.268032437046521748e-04
4.268032437046521748e-04
1.772795351867534862e-03
4.268032437046521748e-04
3.077494896922194564e-04
2.987622705932565115e-04
1.422677479015507340e-04
3.734528382415706936e-04
2.845354958031014680e-04
4.268032437046521748e-04
8.536064874093043497e-04
7.562262916583778482e-05
7.474750165373954171e-04
0.000000000000000000e+00
5.690709916062029359e-04
1.280409731113956416e-03
0.000000000000000000e+00
4.268032437046521748e-04
3.223216863759607669e-04
4.268032437046521748e-04
4.268032437046521748e-04
1.383495726787215419e-04
4.268032437046522290e-04
3.077494896922194564e-04
0.000000000000000000e+00
0.000000000000000000e+00
5.573475717117894841e-04
4.268032437046521748e-04
1.422677479015507340e-04
8.536064874093043497e-04
4.268032437046521748e-04
0.000000000000000000e+00
1.360440447294341193e-04
0.000000000000000000e+00
8.536064874093043497e-04
4.268032437046521748e-04
4.268032437046521748e-04
4.268032437046521748e-04
4.268032437046521748e-04
4.268032437046521748e-04
2.134016218523260874e-04
4.268032437046521748e-04
0.000000000000000000e+00
4.268032437046521748e-04
0.000000000000000000e+00
8.536064874093043497e-04
2.134016218523260983e-03
4.268032437046521748e-04
4.268032437046521748e-04
4.268032437046521748e-04
0.000000000000000000e+00
0.000000000000000000e+00
0.000000000000000000e+00
4.268032437046521748e-04
4.268032437046521748e-04
4.268032437046521748e-04
4.268032437046521748e-04
3.201024327784891040e-04
2.641482221063874464e-04
4.268032437046521748e-04
4.268032437046521748e-04
3.713419621271086906e-04
1.422677479015507340e-04
4.268032437046521748e-04
3.201024327784891040e-04
4.268032437046521748e-04
2.845354958031014680e-04
4.268032437046521748e-04
4.268032437046521748e-04
4.268032437046521748e-04
4.268032437046521748e-04
3.822748228920990724e-04
3.848360469314092251e-04
2.134016218523260874e-04
4.715061208897965541e-04
0.000000000000000000e+00
0.000000000000000000e+00
2.560819462227912832e-03
0.000000000000000000e+00
4.268032437046521748e-04
4.268032437046521748e-04
0.000000000000000000e+00
4.268032437046521748e-04
4.268032437046521748e-04
4.268032437046521748e-04
4.268032437046521748e-04
4.268032437046521748e-04
4.268032437046521748e-04
2.134016218523260874e-04
3.822748228920990724e-04
3.822748228920990724e-04
2.381075080248654097e-04
4.268032437046521748e-04
4.268032437046521748e-04
3.201024327784891040e-04
4.268032437046521748e-04
4.074858173436497581e-04
0.000000000000000000e+00
0.000000000000000000e+00
1.917101558888718177e-04
4.268032437046521748e-04
0.000000000000000000e+00
4.268032437046521748e-04
0.000000000000000000e+00
4.268032437046521748e-04
0.000000000000000000e+00
4.268032437046521748e-04
0.000000000000000000e+00
4.268032437046521748e-04
4.268032437046521748e-04
4.268032437046521748e-04
4.268032437046521748e-04
0.000000000000000000e+00
4.268032437046521748e-04
4.268032437046521748e-04
4.268032437046521748e-04
4.268032437046521748e-04
0.000000000000000000e+00
4.268032437046521748e-04
8.536064874093043497e-04
2.845354958031014680e-04
4.268032437046521748e-04
4.268032437046521748e-04
8.536064874093043497e-04
4.713316645172052231e-04
3.197067236007767417e-04
5.877327195394509065e-04
4.268032437046521748e-04
1.280409731113956416e-03
0.000000000000000000e+00
4.268032437046521748e-04
0.000000000000000000e+00
4.268032437046521748e-04
0.000000000000000000e+00
4.268032437046521748e-04
4.268032437046521748e-04
4.268032437046521748e-04
0.000000000000000000e+00
4.268032437046521748e-04
4.268032437046521748e-04
4.268032437046521748e-04
4.268032437046521748e-04
0.000000000000000000e+00
4.268032437046521748e-04
4.268032437046521748e-04
4.268032437046521748e-04
4.268032437046521748e-04
4.268032437046521748e-04
8.536064874093043497e-04
4.268032437046521748e-04
4.268032437046521748e-04
4.268032437046521748e-04
4.268032437046521748e-04
1.422677479015507340e-04
2.845354958031014680e-04
4.268032437046521748e-04
4.268032437046521748e-04
2.134016218523260874e-04
4.268032437046521748e-04
1.116722327339417621e-04
0.000000000000000000e+00
1.280409731113956416e-03
0.000000000000000000e+00
3.244505050925602235e-04
4.268032437046521748e-04
4.268032437046521748e-04
2.134016218523260874e-04
2.134016218523260874e-04
1.224799511162325515e-03
2.909099102488068873e-04
4.268032437046521748e-04
4.268032437046521748e-04
4.268032437046521748e-04
4.268032437046521748e-04
4.268032437046521748e-04
3.644802635666216325e-04
7.909134820912222703e-04
6.917478633936077097e-05
4.268032437046521748e-04
0.000000000000000000e+00
4.268032437046521748e-04
2.134016218523260874e-04
4.268032437046521748e-04
4.268032437046521748e-04
8.279967519146181395e-05
1.707212974818608483e-04
0.000000000000000000e+00
0.000000000000000000e+00
1.588636302875129748e-03
7.682458386683737629e-04
1.109688433632095459e-03
8.536064874093043497e-04
2.592593313373678810e-04
2.134016218523260874e-04
4.268032437046521748e-04
4.268032437046521748e-04
4.268032437046521748e-04
2.560819462227912832e-03
4.701861756315607686e-04
4.268032437046521748e-04
3.244505050925602235e-04
4.268032437046521748e-04
4.268032437046521748e-04
4.687704404778950703e-04
4.268032437046521748e-04
2.381075080248654097e-04
0.000000000000000000e+00
3.556693697538768485e-04
4.268032437046521748e-04
4.268032437046521748e-04
4.268032437046521748e-04
4.268032437046521748e-04
4.268032437046521748e-04
3.244505050925602235e-04
4.268032437046521748e-04
4.268032437046521748e-04
4.268032437046521748e-04
4.268032437046521748e-04
2.134016218523260874e-04
4.268032437046521748e-04
0.000000000000000000e+00
2.134016218523260874e-04
4.268032437046521748e-04
2.134016218523260874e-04
4.268032437046521748e-04
4.268032437046521748e-04
2.134016218523260983e-03
2.134016218523260983e-03
4.268032437046521748e-04
4.268032437046521748e-04
3.576284573652914445e-04
7.682458386683737629e-04
4.268032437046521748e-04
4.268032437046521748e-04
4.268032437046521748e-04
4.268032437046521748e-04
4.268032437046521748e-04
0.000000000000000000e+00
0.000000000000000000e+00
4.268032437046521748e-04
4.268032437046521748e-04
1.707212974818608483e-04
4.268032437046521748e-04
4.268032437046521748e-04
4.268032437046521748e-04
0.000000000000000000e+00
4.268032437046521748e-04
4.268032437046521748e-04
0.000000000000000000e+00
4.268032437046521748e-04
6.067240576613753492e-04
5.303273678906208870e-04
4.268032437046521748e-04
2.134016218523260874e-04
2.134016218523260874e-04
1.365770379854886959e-02
4.268032437046521748e-04
2.987622705932565115e-03
4.268032437046521748e-04
4.268032437046521748e-04
4.268032437046521748e-04
4.268032437046521748e-04
4.268032437046521748e-04
0.000000000000000000e+00
4.268032437046521748e-04
2.616932107406993221e-04
4.268032437046521748e-04
4.268032437046521748e-04
4.268032437046521748e-04
4.268032437046521748e-04
4.268032437046521748e-04
9.514459972478836458e-04
4.268032437046521748e-04
4.268032437046521748e-04
2.134016218523260983e-03
4.268032437046521748e-04
9.820870660110889334e-04
4.268032437046521748e-04
6.535203871418079685e-04
4.268032437046522290e-04
3.713419621271086906e-04
4.268032437046521748e-04
4.268032437046521748e-04
4.268032437046521748e-04
2.292602199117046882e-04
5.032233170085537556e-04
2.947291326514584787e-04
2.134016218523260874e-04
0.000000000000000000e+00
4.268032437046521748e-04
0.000000000000000000e+00
0.000000000000000000e+00
4.268032437046521748e-04
4.268032437046521748e-04
3.841229193341869248e-03
1.707212974818608699e-03
0.000000000000000000e+00
4.268032437046521748e-04
1.422677479015507340e-04
4.268032437046521748e-04
4.268032437046522290e-04
4.268032437046521748e-04
4.268032437046521748e-04
4.268032437046521748e-04
4.268032437046521748e-04
4.268032437046521748e-04
0.000000000000000000e+00
2.987622705932565115e-03
4.268032437046521748e-04
0.000000000000000000e+00
0.000000000000000000e+00
2.645779911583721173e-04
4.268032437046521748e-04
4.268032437046521748e-04
0.000000000000000000e+00
4.268032437046521748e-04
4.268032437046521748e-04
4.268032437046521748e-04
4.268032437046521748e-04
4.268032437046522290e-04
0.000000000000000000e+00
4.268032437046521748e-04
4.268032437046521748e-04
4.268032437046521748e-04
4.268032437046521748e-04
4.268032437046521748e-04
4.268032437046521748e-04
4.268032437046521748e-04
1.707212974818608483e-04
4.268032437046521748e-04
2.845354958031014680e-04
2.134016218523260874e-04
8.536064874093043497e-04
4.268032437046521748e-04
4.268032437046521748e-04
3.741737919851184343e-04
4.268032437046521748e-04
2.134016218523260874e-04
7.474750165373954171e-04
5.233864214813986442e-04
1.422677479015507340e-04
0.000000000000000000e+00
4.268032437046521748e-04
3.727346089933227836e-04
3.414425949637216965e-04
4.268032437046521748e-04
2.987622705932565115e-04
4.268032437046521748e-04
4.268032437046521748e-04
4.268032437046521748e-04
2.560819462227912724e-04
4.268032437046521748e-04
4.268032437046521748e-04
4.268032437046521748e-04
8.536064874093043497e-04
4.268032437046521748e-04
0.000000000000000000e+00
4.268032437046521748e-04
4.268032437046521748e-04
4.268032437046521748e-04
2.134016218523260874e-04
0.000000000000000000e+00
3.474340743630303626e-04
4.268032437046521748e-04
4.268032437046521748e-04
4.268032437046521748e-04
4.268032437046521748e-04
4.268032437046521748e-04
4.268032437046521748e-04
4.268032437046521748e-04
4.268032437046521748e-04
4.268032437046521748e-04
4.268032437046521748e-04
4.268032437046521748e-04
4.268032437046521748e-04
2.739630970968490674e-04
4.268032437046521748e-04
2.845354958031014680e-04
4.268032437046521748e-04
3.999026575689106121e-04
4.268032437046521748e-04
4.268032437046521748e-04
4.268032437046521748e-04
0.000000000000000000e+00
4.268032437046521748e-04
4.268032437046521748e-04
2.134016218523260983e-03
4.647174904032526366e-04
2.792628578559943134e-04
2.134016218523260874e-04
4.268032437046521748e-04
4.268032437046521748e-04
0.000000000000000000e+00
0.000000000000000000e+00
2.134016218523260874e-04
4.268032437046521748e-04
4.268032437046521748e-04
0.000000000000000000e+00
4.268032437046521748e-04
4.268032437046521748e-04
4.268032437046521748e-04
0.000000000000000000e+00
4.268032437046521748e-04
4.268032437046521748e-04
1.975059437983432979e-04
4.268032437046521748e-04
4.268032437046521748e-04
0.000000000000000000e+00
4.268032437046521748e-04
2.641482221063874464e-04
4.268032437046521748e-04
4.268032437046521748e-04
4.268032437046521748e-04
2.022598142425061345e-03
0.000000000000000000e+00
4.268032437046521748e-04
1.422677479015507340e-04
5.295323232375945526e-04
2.134016218523260874e-04
4.268032437046521748e-04
4.268032437046521748e-04
4.268032437046521748e-04
4.268032437046521748e-04
4.268032437046521748e-04
1.067008109261630437e-04
4.268032437046521748e-04
4.268032437046521748e-04
4.268032437046521748e-04
8.536064874093043497e-04
4.268032437046521748e-04
4.268032437046521748e-04
4.268032437046521748e-04
4.268032437046521748e-04
6.402048655569782080e-03
4.268032437046521748e-04
0.000000000000000000e+00
3.201024327784891040e-04
4.268032437046521748e-04
0.000000000000000000e+00
0.000000000000000000e+00
4.268032437046521748e-04
2.845354958031014680e-04
4.268032437046521748e-04
8.536064874093043497e-04
0.000000000000000000e+00
0.000000000000000000e+00
0.000000000000000000e+00
4.268032437046521748e-04
4.268032437046521748e-04
3.556693697538768485e-04
5.919132766686050276e-04
3.201024327784891040e-04
4.268032437046521748e-04
4.268032437046521748e-04
4.268032437046521748e-04
4.268032437046521748e-04
4.268032437046521748e-04
4.268032437046521748e-04
1.067008109261630437e-04
1.422677479015507340e-04
4.268032437046521748e-04
4.268032437046521748e-04
4.268032437046521748e-04
4.268032437046521748e-04
4.268032437046521748e-04
4.268032437046521748e-04
0.000000000000000000e+00
4.268032437046521748e-04
4.268032437046521748e-04
2.766991453574430839e-04
4.976315738075142055e-04
2.134016218523260983e-03
4.268032437046521748e-04
4.268032437046521748e-04
0.000000000000000000e+00
2.987622705932565115e-04
1.280409731113956416e-03
0.000000000000000000e+00
4.268032437046521748e-04
0.000000000000000000e+00
4.268032437046521748e-04
0.000000000000000000e+00
4.268032437046521748e-04
4.268032437046521748e-04
4.268032437046521748e-04
2.134016218523260874e-04
4.268032437046521748e-04
1.707212974818608483e-04
4.268032437046521748e-04
8.536064874093043497e-04
4.268032437046521748e-04
4.268032437046521748e-04
4.268032437046521748e-04
4.268032437046521748e-04
4.268032437046521748e-04
2.766213343093113387e-03
4.268032437046521748e-04
0.000000000000000000e+00
0.000000000000000000e+00
4.268032437046521748e-04
8.536064874093043497e-04
0.000000000000000000e+00
4.268032437046521748e-04
4.268032437046521748e-04
4.268032437046521748e-04
8.962868117797695780e-03
4.866757576388403353e-04
0.000000000000000000e+00
2.560819462227912724e-04
4.268032437046521748e-04
4.268032437046521748e-04
0.000000000000000000e+00
4.268032437046521748e-04
1.422677479015507340e-04
4.268032437046521748e-04
4.268032437046521748e-04
4.268032437046521748e-04
1.219437839156148974e-04
6.884964544453514969e-04
4.268032437046521748e-04
2.909099102488068873e-04
4.268032437046521748e-04
4.268032437046521748e-04
4.268032437046521748e-04
4.268032437046521748e-04
4.268032437046521748e-04
4.268032437046521748e-04
3.201024327784891040e-04
2.134016218523260874e-04
2.947291326514584787e-04
5.975245411865130231e-04
4.268032437046521748e-04
2.845354958031014680e-04
0.000000000000000000e+00
4.061695658130599863e-04
4.268032437046521748e-04
4.268032437046521748e-04
0.000000000000000000e+00
4.268032437046521748e-04
3.822748228920990724e-04
0.000000000000000000e+00
4.715061208897965541e-04
4.268032437046521748e-04
4.268032437046521748e-04
4.268032437046521748e-04
4.268032437046521748e-04
4.268032437046521748e-04
8.341084046228076617e-04
6.993977483876934360e-04
4.713316645172052231e-04
8.536064874093043497e-04
0.000000000000000000e+00
0.000000000000000000e+00
4.268032437046521748e-04
4.268032437046521748e-04
8.536064874093043497e-04
6.733274716519368390e-04
4.268032437046521748e-04
4.268032437046521748e-04
4.268032437046521748e-04
1.886957356797867380e-04
4.268032437046521748e-04
3.454541665970067930e-03
4.268032437046521748e-04
4.268032437046521748e-04
4.268032437046521748e-04
4.268032437046521748e-04
4.268032437046521748e-04
4.268032437046521748e-04
4.268032437046521748e-04
1.437166724814712294e-03
2.292602199117046882e-04
4.268032437046521748e-04
4.268032437046521748e-04
4.268032437046521748e-04
4.268032437046521748e-04
4.268032437046521748e-04
2.134016218523260874e-04
4.268032437046521748e-04
4.268032437046521748e-04
4.268032437046521748e-04
4.268032437046521748e-04
1.422677479015507340e-04
4.268032437046521748e-04
3.556693697538768485e-04
4.268032437046521748e-04
0.000000000000000000e+00
0.000000000000000000e+00
0.000000000000000000e+00
4.268032437046521748e-04
4.268032437046521748e-04
4.268032437046521748e-04
4.268032437046521748e-04
4.268032437046521748e-04
4.268032437046521748e-04
4.268032437046521748e-04
4.268032437046521748e-04
4.268032437046521748e-04
0.000000000000000000e+00
4.268032437046521748e-04
2.560819462227912832e-03
2.134016218523260874e-04
4.268032437046521748e-04
0.000000000000000000e+00
4.268032437046521748e-04
0.000000000000000000e+00
4.268032437046521748e-04
1.422677479015507340e-04
4.268032437046521748e-04
4.268032437046521748e-04
4.268032437046521748e-04
0.000000000000000000e+00
4.268032437046521748e-04
1.422677479015507340e-04
4.268032437046521748e-04
2.134016218523260874e-04
4.268032437046521748e-04
4.268032437046521748e-04
4.268032437046521748e-04
4.268032437046521748e-04
4.268032437046521748e-04
0.000000000000000000e+00
1.861752385706628846e-04
1.280409731113956416e-02
4.268032437046521748e-04
4.268032437046521748e-04
2.560819462227912724e-04
4.268032437046521748e-04
4.268032437046521748e-04
0.000000000000000000e+00
4.268032437046521748e-04
4.268032437046521748e-04
4.268032437046521748e-04
2.560819462227912832e-03
1.528401466078031345e-04
4.268032437046521748e-04
4.268032437046521748e-04
3.182004459558269364e-04
8.536064874093043497e-04
0.000000000000000000e+00
4.268032437046521748e-04
8.368776458771008675e-03
4.268032437046521748e-04
4.268032437046521748e-04
4.268032437046521748e-04
0.000000000000000000e+00
1.707212974818608699e-03
2.134016218523260874e-04
3.556693697538768485e-04
4.268032437046521748e-04
1.280409731113956416e-03
4.268032437046521748e-04
4.268032437046521748e-04
1.829156758734223529e-04
4.268032437046521748e-04
8.536064874093043497e-04
4.268032437046521748e-04
4.715061208897965541e-04
4.268032437046521748e-04
4.268032437046521748e-04
1.422677479015507340e-04
4.268032437046521748e-04
2.134016218523260874e-04
4.268032437046521748e-04
3.848360469314092251e-04
4.268032437046521748e-04
4.268032437046521748e-04
4.268032437046521748e-04
4.268032437046521748e-04
4.061695658130599863e-04
4.268032437046521748e-04
4.268032437046521748e-04
4.268032437046521748e-04
0.000000000000000000e+00
4.268032437046521748e-04
4.268032437046521748e-04
4.268032437046521748e-04
0.000000000000000000e+00
0.000000000000000000e+00
4.268032437046521748e-04
4.268032437046521748e-04
5.559721023782224995e-04
6.481483283434197025e-05
4.268032437046521748e-04
4.268032437046521748e-04
0.000000000000000000e+00
4.268032437046521748e-04
4.732312314828882060e-04
4.558847793237537924e-04
4.268032437046522290e-04
8.536064874093043497e-04
4.268032437046521748e-04
0.000000000000000000e+00
4.268032437046521748e-04
0.000000000000000000e+00
4.268032437046521748e-04
4.268032437046521748e-04
5.032233170085537556e-04
4.268032437046521748e-04
7.909134820912222703e-04
2.134016218523260874e-04
4.268032437046521748e-04
4.268032437046521748e-04
4.268032437046521748e-04
4.268032437046521748e-04
4.268032437046521748e-04
4.268032437046521748e-04
4.268032437046521748e-04
4.268032437046521748e-04
2.422459009780918117e-04
0.000000000000000000e+00
5.295323232375945526e-04
3.734528382415706936e-04
4.268032437046521748e-04
4.268032437046521748e-04
2.845354958031014680e-04
4.268032437046521748e-04
4.268032437046521748e-04
4.268032437046522290e-04
4.268032437046521748e-04
1.528401466078031345e-04
4.268032437046521748e-04
4.268032437046521748e-04
4.268032437046521748e-04
4.268032437046521748e-04
3.727346089933227836e-04
2.987622705932565115e-04
2.641482221063874464e-04
4.863301207108684798e-04
4.268032437046521748e-04
4.268032437046521748e-04
2.381075080248654097e-04
7.726737051628145133e-05
4.268032437046521748e-04
1.422677479015507340e-04
4.268032437046521748e-04
0.000000000000000000e+00
1.707212974818608699e-03
4.268032437046521748e-04
1.596327188293340479e-04
1.280409731113956416e-03
4.268032437046521748e-04
4.268032437046521748e-04
5.833334955090776781e-04
4.268032437046521748e-04
3.727346089933227836e-04
0.000000000000000000e+00
4.268032437046521748e-04
4.268032437046521748e-04
5.975245411865130231e-04
4.268032437046521748e-04
0.000000000000000000e+00
4.268032437046521748e-04
1.707212974818608483e-04
4.268032437046521748e-04
2.134016218523260874e-04
4.558847793237537924e-04
4.034492256809064231e-04
3.201024327784891040e-04
2.845354958031014680e-04
4.268032437046521748e-04
0.000000000000000000e+00
7.512537487972123984e-04
1.886957356797867380e-04
3.727346089933227836e-04
4.268032437046522290e-04
4.268032437046521748e-04
2.616932107406993221e-04
4.268032437046521748e-04
4.268032437046521748e-04
0.000000000000000000e+00
4.268032437046521748e-04
4.268032437046521748e-04
4.268032437046521748e-04
4.268032437046521748e-04
4.268032437046521748e-04
1.651100329639528799e-04
6.780785325383243464e-04
0.000000000000000000e+00
5.690709916062029359e-04
4.268032437046521748e-04
4.268032437046521748e-04
0.000000000000000000e+00
4.268032437046521748e-04
4.268032437046521748e-04
4.268032437046521748e-04
4.268032437046521748e-04
4.268032437046521748e-04
4.268032437046521748e-04
4.268032437046521748e-04
4.268032437046521748e-04
4.268032437046521748e-04
2.134016218523260874e-04
4.268032437046521748e-04
4.268032437046521748e-04
4.268032437046521748e-04
4.268032437046521748e-04
6.814641731241716889e-04
2.947291326514584787e-04
2.134016218523260874e-04
2.845354958031014680e-04
3.244505050925602235e-04
4.268032437046521748e-04
4.268032437046521748e-04
8.536064874093043497e-04
4.268032437046521748e-04
4.268032437046521748e-04
4.268032437046522290e-04
4.268032437046521748e-04
1.707212974818608699e-03
0.000000000000000000e+00
4.268032437046521748e-04
4.268032437046521748e-04
4.268032437046521748e-04
2.845354958031014680e-04
4.268032437046521748e-04
2.645779911583721173e-04
4.268032437046521748e-04
4.268032437046521748e-04
4.268032437046521748e-04
4.268032437046521748e-04
4.268032437046521748e-04
4.268032437046521748e-04
4.268032437046521748e-04
0.000000000000000000e+00
0.000000000000000000e+00
4.268032437046521748e-04
4.268032437046521748e-04
5.740910294375994828e-04
4.268032437046521748e-04
1.707212974818608699e-03
0.000000000000000000e+00
4.268032437046521748e-04
4.268032437046521748e-04
8.735932037976242666e-04
4.268032437046521748e-04
4.268032437046521965e-03
4.268032437046521748e-04
8.536064874093043497e-04
4.268032437046521748e-04
2.845354958031014680e-04
4.268032437046521748e-04
4.268032437046521748e-04
4.268032437046521748e-04
1.280409731113956416e-03
4.268032437046521748e-04
4.268032437046521748e-04
1.422677479015507340e-04
4.268032437046521748e-04
0.000000000000000000e+00
4.268032437046521748e-04
4.268032437046521748e-04
4.268032437046521748e-04
4.268032437046521748e-04
2.134016218523260874e-04
5.007242061702481088e-04
4.268032437046521748e-04
4.268032437046521748e-04
4.268032437046521748e-04
4.268032437046521748e-04
8.970742248069196994e-04
4.268032437046521748e-04
0.000000000000000000e+00
2.134016218523260874e-04
4.268032437046521748e-04
0.000000000000000000e+00
8.536064874093043497e-04
4.268032437046521748e-04
4.268032437046521748e-04
5.673453358505197277e-04
4.268032437046521748e-04
4.268032437046521748e-04
4.268032437046521748e-04
4.268032437046521748e-04
1.422677479015507340e-04
4.268032437046521748e-04
6.402048655569782080e-04
6.591619889062784931e-04
1.603942165677401505e-04
8.962868117797695780e-03
4.268032437046521748e-04
4.268032437046521748e-04
2.641482221063874464e-04
4.268032437046521748e-04
4.268032437046521748e-04
3.201024327784891040e-04
4.268032437046521748e-04
0.000000000000000000e+00
4.268032437046521748e-04
0.000000000000000000e+00
4.268032437046521748e-04
4.268032437046521748e-04
4.268032437046521748e-04
5.784230991360495228e-04
1.707212974818608699e-03
4.268032437046521748e-04
4.268032437046521748e-04
0.000000000000000000e+00
8.536064874093043497e-04
4.268032437046521748e-04
0.000000000000000000e+00
4.268032437046521748e-04
0.000000000000000000e+00
2.134016218523260983e-03
3.238268872982588329e-04
4.268032437046521748e-04
4.268032437046521748e-04
2.134016218523260983e-03
4.268032437046521748e-04
4.268032437046521748e-04
4.268032437046521748e-04
8.536064874093043497e-04
5.877327195394509065e-04
4.268032437046521748e-04
4.268032437046521748e-04
4.268032437046521748e-04
4.268032437046521748e-04
4.268032437046521748e-04
0.000000000000000000e+00
4.268032437046521748e-04
2.134016218523260983e-03
4.115127884321166858e-04
0.000000000000000000e+00
4.268032437046521748e-04
4.268032437046521748e-04
0.000000000000000000e+00
4.268032437046521748e-04
0.000000000000000000e+00
0.000000000000000000e+00
4.268032437046521748e-04
4.268032437046521748e-04
0.000000000000000000e+00
0.000000000000000000e+00
2.134016218523260874e-04
3.841229193341869248e-03
2.845354958031014680e-04
0.000000000000000000e+00
4.268032437046521748e-04
4.268032437046521748e-04
4.268032437046521748e-04
4.268032437046521748e-04
4.268032437046521748e-04
4.268032437046521748e-04
4.268032437046521748e-04
4.268032437046521748e-04
4.268032437046521748e-04
4.268032437046521748e-04
0.000000000000000000e+00
4.268032437046521748e-04
4.268032437046521748e-04
3.414425949637216965e-04
2.641482221063874464e-04
2.134016218523260874e-04
4.268032437046521748e-04
4.268032437046521748e-04
0.000000000000000000e+00
3.201024327784891040e-04
4.268032437046521748e-04
0.000000000000000000e+00
4.268032437046521748e-04
4.268032437046521748e-04
4.268032437046521748e-04
1.280409731113956416e-03
6.067240576613753492e-04
4.268032437046521748e-04
4.268032437046521748e-04
4.268032437046521748e-04
7.512537487972123984e-04
4.268032437046521748e-04
4.268032437046521748e-04
4.268032437046521748e-04
4.268032437046521748e-04
4.268032437046521748e-04
4.268032437046521748e-04
2.292602199117046611e-04
9.958742353108551108e-04
6.884964544453514969e-04
4.268032437046521748e-04
8.536064874093043497e-04
4.268032437046521748e-04
3.186659742819933925e-04
4.268032437046521748e-04
4.268032437046521748e-04
4.268032437046521748e-04
1.219437839156148974e-04
1.280409731113956416e-02
7.512537487972123984e-04
4.268032437046521748e-04
4.268032437046521748e-04
6.225859403035339731e-04
5.769073420518613200e-04
4.268032437046521748e-04
7.272377674068010184e-04
4.268032437046521748e-04
6.489010101851204471e-04
4.268032437046521748e-04
4.715061208897965541e-04
0.000000000000000000e+00
4.268032437046521748e-04
1.114695143423578968e-03
3.414425949637216965e-04
4.268032437046521748e-04
4.268032437046521748e-04
0.000000000000000000e+00
4.268032437046521748e-04
5.852752547559052915e-04
4.268032437046521748e-04
4.268032437046521748e-04
4.268032437046521748e-04
0.000000000000000000e+00
4.268032437046521748e-04
4.268032437046521748e-04
4.268032437046521748e-04
4.268032437046521748e-04
4.268032437046521748e-04
4.647174904032525282e-04
5.924025940875758027e-04
7.512537487972123984e-04
2.845354958031014680e-04
4.268032437046521748e-04
0.000000000000000000e+00
0.000000000000000000e+00
2.845354958031014680e-04
4.268032437046521748e-04
4.268032437046521748e-04
4.268032437046521748e-04
4.268032437046521748e-04
4.268032437046521748e-04
2.292602199117046611e-04
4.268032437046521748e-04
0.000000000000000000e+00
4.268032437046521748e-04
4.268032437046521748e-04
1.962214589291317343e-04
4.268032437046521748e-04
0.000000000000000000e+00
4.268032437046521748e-04
4.268032437046521748e-04
4.268032437046521748e-04
4.268032437046521748e-04
4.268032437046521748e-04
4.268032437046521748e-04
4.268032437046521748e-04
3.201024327784891040e-04
0.000000000000000000e+00
4.268032437046521748e-04
0.000000000000000000e+00
4.268032437046521748e-04
4.268032437046521748e-04
0.000000000000000000e+00
0.000000000000000000e+00
4.268032437046521748e-04
8.536064874093043497e-04
4.268032437046521748e-04
2.845354958031014680e-04
4.268032437046521748e-04
4.268032437046521748e-04
4.268032437046521748e-04
4.268032437046521748e-04
4.268032437046521748e-04
4.268032437046521748e-04
4.268032437046521748e-04
4.268032437046521748e-04
4.115127884321166858e-04
5.743436295533101447e-04
3.841229193341868815e-04
3.841229193341868815e-04
3.793806610708018489e-04
4.268032437046521748e-04
4.268032437046521748e-04
2.845354958031014680e-04
4.268032437046521748e-04
4.268032437046521748e-04
4.268032437046521748e-04
4.268032437046521748e-04
4.268032437046521748e-04
2.845354958031014680e-04
4.268032437046521748e-04
4.268032437046521748e-04
4.268032437046521748e-04
4.268032437046521748e-04
8.536064874093043497e-04
4.268032437046521748e-04
4.268032437046521748e-04
4.268032437046521748e-04
4.268032437046521748e-04
4.268032437046521748e-04
0.000000000000000000e+00
4.268032437046521748e-04
2.616932107406993221e-04
4.268032437046521748e-04
0.000000000000000000e+00
1.280409731113956416e-03
4.268032437046521748e-04
4.268032437046521748e-04
4.268032437046521748e-04
4.268032437046521748e-04
1.480345087321095331e-03
4.268032437046521748e-04
4.268032437046521748e-04
4.268032437046521748e-04
4.268032437046521748e-04
4.268032437046521748e-04
4.268032437046521748e-04
1.528788106645842439e-03
4.268032437046521748e-04
2.134016218523260874e-04
4.268032437046521748e-04
4.268032437046521748e-04
4.268032437046521748e-04
4.268032437046521748e-04
4.268032437046521748e-04
2.134016218523260874e-04
0.000000000000000000e+00
4.597188833969561368e-04
2.845354958031014680e-04
4.268032437046521748e-04
4.268032437046521748e-04
4.268032437046521748e-04
0.000000000000000000e+00
2.845354958031014680e-04
4.268032437046521748e-04
4.268032437046521748e-04
4.268032437046521748e-04
4.268032437046521748e-04
4.268032437046521748e-04
8.536064874093043497e-04
0.000000000000000000e+00
1.675439123672843480e-04
1.422677479015507340e-04
2.134016218523260874e-04
2.134016218523260874e-04
4.608180931437080700e-04
4.268032437046521748e-04
4.268032437046521748e-04
4.268032437046521748e-04
4.268032437046521748e-04
4.268032437046521748e-04
4.268032437046521748e-04
4.268032437046521748e-04
0.000000000000000000e+00
4.268032437046521748e-04
8.536064874093043497e-04
4.268032437046521748e-04
4.268032437046521748e-04
4.268032437046521748e-04
3.950860475858949733e-04
4.268032437046521748e-04
0.000000000000000000e+00
6.884964544453514969e-04
4.115127884321166858e-04
4.268032437046521748e-04
0.000000000000000000e+00
4.268032437046521748e-04
4.268032437046521748e-04
0.000000000000000000e+00
0.000000000000000000e+00
4.268032437046521748e-04
0.000000000000000000e+00
0.000000000000000000e+00
4.268032437046521748e-04
4.268032437046521748e-04
4.268032437046521748e-04
4.268032437046521748e-04
4.268032437046521748e-04
4.268032437046521748e-04
2.592593313373678810e-04
2.134016218523260874e-04
2.022598142425061345e-03
4.268032437046521748e-04
4.268032437046521748e-04
0.000000000000000000e+00
4.268032437046521748e-04
4.268032437046521748e-04
4.268032437046521748e-04
2.134016218523260874e-04
4.268032437046521748e-04
1.793131786898622868e-04
0.000000000000000000e+00
4.268032437046521748e-04
4.268032437046521748e-04
4.268032437046521748e-04
4.268032437046521748e-04
4.268032437046521748e-04
4.268032437046521748e-04
4.268032437046521748e-04
3.201024327784891040e-04
4.268032437046521748e-04
0.000000000000000000e+00
4.268032437046521748e-04
4.268032437046521748e-04
4.268032437046521748e-04
3.950860475858949733e-04
2.560819462227912832e-03
4.268032437046521748e-04
4.268032437046521748e-04
4.268032437046521748e-04
3.950860475858949733e-04
0.000000000000000000e+00
4.268032437046521748e-04
4.268032437046521748e-04
4.268032437046521748e-04
4.268032437046521748e-04
3.950860475858949733e-04
4.268032437046521748e-04
4.268032437046521748e-04
6.884964544453514969e-04
0.000000000000000000e+00
4.268032437046521748e-04
4.268032437046521748e-04
4.268032437046521748e-04
4.268032437046521748e-04
4.268032437046521748e-04
8.536064874093043497e-04
4.268032437046521748e-04
4.268032437046521748e-04
4.268032437046521748e-04
4.268032437046521748e-04
4.268032437046521748e-04
0.000000000000000000e+00
7.940796104030879363e-04
4.268032437046521748e-04
0.000000000000000000e+00
3.793806610708018489e-04
4.268032437046521748e-04
0.000000000000000000e+00
0.000000000000000000e+00
4.268032437046521748e-04
4.268032437046521748e-04
4.268032437046521748e-04
4.268032437046521748e-04
0.000000000000000000e+00
4.268032437046521748e-04
4.268032437046521748e-04
4.268032437046521748e-04
4.268032437046521748e-04
4.268032437046521748e-04
4.268032437046521748e-04
4.268032437046521748e-04
4.268032437046521748e-04
4.268032437046521748e-04
4.268032437046521748e-04
4.268032437046521748e-04
4.268032437046521748e-04
1.219437839156148974e-04
4.268032437046521748e-04
0.000000000000000000e+00
4.268032437046521748e-04
4.268032437046521748e-04
3.201024327784891040e-04
4.268032437046521748e-04
4.268032437046521748e-04
0.000000000000000000e+00
4.268032437046521748e-04
4.268032437046521748e-04
5.769073420518613200e-04
4.268032437046521748e-04
4.268032437046521748e-04
8.536064874093043497e-04
4.268032437046521748e-04
4.268032437046521748e-04
4.268032437046521748e-04
4.268032437046521748e-04
3.950860475858949733e-04
5.769073420518613200e-04
4.268032437046521748e-04
4.268032437046521748e-04
4.268032437046521748e-04
0.000000000000000000e+00
4.268032437046521748e-04
4.268032437046521748e-04
5.233864214813986442e-04
4.268032437046521748e-04
0.000000000000000000e+00
4.268032437046521748e-04
4.268032437046521748e-04
2.845354958031014680e-04
4.268032437046521748e-04
4.268032437046521748e-04
4.268032437046521748e-04
