8.802816901408450903e-04
0.000000000000000000e+00
8.802816901408450903e-04
1.760563380281690181e-03
8.802816901408450903e-04
2.934272300469484176e-04
8.802816901408450903e-04
8.802816901408450903e-04
8.802816901408450903e-04
8.802816901408450903e-04
0.000000000000000000e+00
3.891849548395601675e-04
3.998002944817533413e-04
0.000000000000000000e+00
8.802816901408450903e-04
0.000000000000000000e+00
8.802816901408450903e-04
8.802816901408450903e-04
8.802816901408450903e-04
8.802816901408450903e-04
1.584507042253521097e-02
8.802816901408450903e-04
8.802816901408450903e-04
2.934272300469484176e-04
2.519706701239219065e-03
1.685451224648020375e-03
8.802816901408450903e-04
8.802816901408450903e-04
1.760563380281690181e-03
8.802816901408450903e-04
3.207048522501308166e-04
8.802816901408450903e-04
8.802816901408450903e-04
8.802816901408450903e-04
8.802816901408450903e-04
8.802816901408450903e-04
1.081376607676521728e-03
1.894450140800344904e-03
8.802816901408450903e-04
1.760563380281690181e-03
8.802816901408450903e-04
0.000000000000000000e+00
8.802816901408450903e-04
8.802816901408450903e-04
8.802816901408450903e-04
8.802816901408450903e-04
8.802816901408450903e-04
8.802816901408450903e-04
8.802816901408450903e-04
8.802816901408450903e-04
3.521126760563380361e-03
6.602112676056337906e-04
8.802816901408450903e-04
8.802816901408450903e-04
1.150152813717191490e-03
1.371378425442130013e-03
8.802816901408450903e-04
1.760563380281690181e-03
8.802816901408450903e-04
0.000000000000000000e+00
8.802816901408450903e-04
1.760563380281690181e-03
8.802816901408450903e-04
8.802816901408450903e-04
2.934272300469484176e-04
8.802816901408450903e-04
8.802816901408451987e-04
8.802816901408450903e-04
8.802816901408450903e-04
2.200704225352112726e-04
0.000000000000000000e+00
8.802816901408450903e-04
8.645950446603751279e-04
9.323804363005386807e-04
8.645950446603751279e-04
8.802816901408450903e-04
8.802816901408450903e-04
5.281690140845070325e-03
9.481701970062220153e-04
0.000000000000000000e+00
1.760563380281690181e-03
4.537906792933969757e-03
0.000000000000000000e+00
8.802816901408450903e-04
0.000000000000000000e+00
8.802816901408450903e-04
0.000000000000000000e+00
8.802816901408450903e-04
8.802816901408450903e-04
8.802816901408450903e-04
8.802816901408450903e-04
8.802816901408450903e-04
8.802816901408450903e-04
8.802816901408450903e-04
8.148649731459084705e-04
8.802816901408450903e-04
1.160713146785856105e-03
2.455483676506424614e-04
0.000000000000000000e+00
4.005367949556892446e-03
7.160578589275168717e-04
8.802816901408450903e-04
8.247992312358780765e-04
9.354925493075845607e-04
8.802816901408450903e-04
8.802816901408450903e-04
8.802816901408450903e-04
8.802816901408450903e-04
0.000000000000000000e+00
1.363076590232419321e-03
8.802816901408450903e-04
5.615537867611839883e-04
3.164911969677887751e-04
8.802816901408450903e-04
8.802816901408450903e-04
5.281690140845070325e-03
8.802816901408450903e-04
8.802816901408450903e-04
8.802816901408450903e-04
3.521126760563380361e-03
2.640845070422535162e-03
0.000000000000000000e+00
8.802816901408450903e-04
2.530533873466506763e-03
8.802816901408450903e-04
5.411190553937952983e-04
6.882884753648490540e-04
1.760563380281690181e-03
3.521126760563380361e-03
8.802816901408450903e-04
0.000000000000000000e+00
8.802816901408450903e-04
8.802816901408450903e-04
2.194093248446530968e-03
8.802816901408450903e-04
8.802816901408450903e-04
8.802816901408450903e-04
2.934272300469484176e-04
8.802816901408450903e-04
8.802816901408450903e-04
8.802816901408450903e-04
9.584798239567083461e-04
2.366706562155895290e-03
8.802816901408450903e-04
8.802816901408450903e-04
0.000000000000000000e+00
0.000000000000000000e+00
5.281690140845069891e-04
3.891849548395601675e-04
7.146459621594467059e-04
1.047782716291247159e-03
8.802816901408450903e-04
8.802816901408450903e-04
3.521126760563380361e-03
0.000000000000000000e+00
4.401408450704225560e-03
5.868544600938968353e-04
5.868544600938968353e-04
8.802816901408450903e-04
0.000000000000000000e+00
8.802816901408450903e-04
8.802816901408450903e-04
8.802816901408451987e-04
9.399819706560534702e-04
8.802816901408451987e-04
8.802816901408450903e-04
1.988452557388437417e-03
5.281690140845070325e-03
9.399819706560534702e-04
8.247992312358780765e-04
8.247992312358780765e-04
8.247992312358780765e-04
1.512196950773541651e-03
1.095256014228483156e-03
1.584507042253521097e-02
1.584507042253521097e-02
1.584507042253521097e-02
3.521126760563380361e-03
2.640845070422535162e-03
1.584507042253521097e-02
1.760563380281690181e-03
3.754785851688607727e-03
8.802816901408449819e-04
7.042253521126759855e-04
8.802816901408450903e-04
3.974382463693197599e-04
1.303177425025815197e-04
1.016344060602199445e-03
8.385162874837178001e-04
7.042253521126760722e-03
8.802816901408450903e-04
7.042253521126760722e-03
8.802816901408450903e-04
8.802816901408450903e-04
8.802816901408450903e-04
0.000000000000000000e+00
8.802816901408450903e-04
2.256081551029250933e-03
8.802816901408450903e-04
1.056338028169014065e-02
1.760563380281690181e-03
0.000000000000000000e+00
1.519087029987162838e-03
5.335986724274460096e-04
8.802816901408450903e-04
1.348041006004875760e-03
1.348041006004875760e-03
4.401408450704225993e-04
3.521126760563380361e-03
8.802816901408450903e-04
3.754785851688607727e-03
8.802816901408450903e-04
8.802816901408450903e-04
0.000000000000000000e+00
3.521126760563380361e-03
3.521126760563380361e-03
6.691791667534054610e-04
0.000000000000000000e+00
9.370686040495992877e-04
8.511533199605763721e-04
9.370686040495992877e-04
0.000000000000000000e+00
8.802816901408451987e-04
2.290579760254193853e-03
8.247992312358780765e-04
6.597938091453373110e-04
9.370686040495992877e-04
8.802816901408450903e-04
8.802816901408450903e-04
3.521126760563379927e-04
3.998002944817533413e-04
0.000000000000000000e+00
8.802816901408450903e-04
0.000000000000000000e+00
9.370686040495992877e-04
1.405366363993981564e-03
7.922535211267605487e-03
1.760563380281690181e-03
2.455483676506424614e-04
2.455483676506424614e-04
8.802816901408450903e-04
8.802816901408450903e-04
8.802816901408450903e-04
8.802816901408450903e-04
0.000000000000000000e+00
8.802816901408450903e-04
0.000000000000000000e+00
0.000000000000000000e+00
5.281690140845070325e-03
2.640845070422535162e-03
1.303177425025815197e-04
0.000000000000000000e+00
8.404394982712775448e-04
8.802816901408450903e-04
2.366706562155895290e-03
8.802816901408450903e-04
8.802816901408450903e-04
8.802816901408450903e-04
8.802816901408450903e-04
8.802816901408450903e-04
2.640845070422535162e-03
6.597938091453373110e-04
1.702697214940763896e-04
8.802816901408450903e-04
8.802816901408450903e-04
8.802816901408450903e-04
8.802816901408450903e-04
8.802816901408450903e-04
8.802816901408450903e-04
6.104105665644990160e-04
3.974382463693197599e-04
8.802816901408450903e-04
8.802816901408450903e-04
8.802816901408450903e-04
1.050551411634921290e-03
8.802816901408450903e-04
8.802816901408450903e-04
8.802816901408450903e-04
0.000000000000000000e+00
8.802816901408450903e-04
2.640845070422535162e-03
0.000000000000000000e+00
6.397079697997000653e-04
3.169014084507041935e-03
8.802816901408450903e-04
8.802816901408450903e-04
1.081376607676521728e-03
5.198228209153377393e-04
8.802816901408450903e-04
8.802816901408450903e-04
8.802816901408450903e-04
8.802816901408450903e-04
8.802816901408450903e-04
8.802816901408450903e-04
0.000000000000000000e+00
8.802816901408450903e-04
8.802816901408450903e-04
8.802816901408450903e-04
8.802816901408450903e-04
1.269466644980405366e-03
1.184583735953701963e-03
0.000000000000000000e+00
8.802816901408450903e-04
0.000000000000000000e+00
6.602112676056337906e-04
8.802816901408450903e-04
8.802816901408450903e-04
1.050551411634921290e-03
0.000000000000000000e+00
8.802816901408449819e-04
9.737110210308798797e-04
2.640845070422535162e-03
8.802816901408450903e-04
8.802816901408450903e-04
8.802816901408450903e-04
8.802816901408450903e-04
9.780907668231612114e-04
0.000000000000000000e+00
1.081376607676521728e-03
1.081376607676521728e-03
1.507973980669059322e-03
8.802816901408450903e-04
8.802816901408450903e-04
1.100352112676056363e-04
0.000000000000000000e+00
8.802816901408450903e-04
5.784403713619629345e-04
0.000000000000000000e+00
8.802816901408450903e-04
0.000000000000000000e+00
5.281690140845070325e-03
8.802816901408450903e-04
1.760563380281690181e-03
8.802816901408450903e-04
8.802816901408450903e-04
8.802816901408450903e-04
5.281690140845069891e-04
5.281690140845069891e-04
0.000000000000000000e+00
4.401408450704225560e-03
2.042574896172523035e-03
8.802816901408451987e-04
4.401408450704225560e-03
8.351201713365296675e-04
9.370686040495992877e-04
1.003768750130108137e-03
1.605031260923432635e-03
1.103592550017874372e-03
1.760563380281690181e-03
3.142704931071009533e-04
8.802816901408450903e-04
1.038386538181793268e-03
4.315683902912437805e-04
8.802816901408450903e-04
8.802816901408450903e-04
1.408450704225352144e-02
0.000000000000000000e+00
8.802816901408450903e-04
8.802816901408450903e-04
8.351201713365296675e-04
8.802816901408450903e-04
0.000000000000000000e+00
0.000000000000000000e+00
8.154834479598957247e-04
8.802816901408450903e-04
8.802816901408450903e-04
2.934272300469484176e-04
9.370686040495992877e-04
0.000000000000000000e+00
8.802816901408450903e-04
8.802816901408450903e-04
8.802816901408450903e-04
8.802816901408450903e-04
8.802816901408451987e-04
0.000000000000000000e+00
2.640845070422535162e-03
8.802816901408450903e-04
9.697589872400940716e-04
8.802816901408450903e-04
1.257545271629778507e-04
6.691791667534054610e-04
1.303177425025815197e-04
8.802816901408450903e-04
4.401408450704225451e-04
8.802816901408450903e-04
2.934272300469484176e-04
8.802816901408450903e-04
8.802816901408450903e-04
2.634396126564764965e-03
8.802816901408454155e-04
3.350632924623500684e-03
8.802816901408450903e-04
8.802816901408450903e-04
8.802816901408450903e-04
8.802816901408450903e-04
8.802816901408450903e-04
6.397079697997000653e-04
3.974382463693197599e-04
1.591394313889423883e-03
8.802816901408450903e-04
1.689831511830219412e-03
1.293379160231299682e-03
5.281690140845070325e-03
0.000000000000000000e+00
6.602112676056337906e-04
8.802816901408450903e-04
8.802816901408450903e-04
8.802816901408450903e-04
1.760563380281690181e-03
3.405394429881527791e-04
0.000000000000000000e+00
0.000000000000000000e+00
8.802816901408450903e-04
8.802816901408450903e-04
8.802816901408450903e-04
0.000000000000000000e+00
8.802816901408450903e-04
0.000000000000000000e+00
2.719627848598434212e-03
8.802816901408450903e-04
8.802816901408450903e-04
8.802816901408450903e-04
4.401408450704225560e-03
5.949356964909819625e-04
8.802816901408450903e-04
8.802816901408450903e-04
8.802816901408450903e-04
7.577998034699800827e-04
1.606338481334896543e-03
0.000000000000000000e+00
1.348041006004875760e-03
8.802816901408450903e-04
8.802816901408450903e-04
8.802816901408450903e-04
8.802816901408451987e-04
8.802816901408451987e-04
9.798830922231149647e-04
8.000904500271299735e-04
0.000000000000000000e+00
8.802816901408450903e-04
8.802816901408450903e-04
7.818186800118104123e-04
8.802816901408450903e-04
8.802816901408450903e-04
7.042253521126760722e-03
4.629702068270874493e-03
8.802816901408450903e-04
4.629702068270874493e-03
8.802816901408450903e-04
8.802816901408450903e-04
1.313113569542802327e-03
4.401408450704225451e-04
8.802816901408450903e-04
3.521126760563380361e-03
0.000000000000000000e+00
8.802816901408450903e-04
3.829653613933311444e-04
8.802816901408450903e-04
0.000000000000000000e+00
8.802816901408450903e-04
1.116706291924790626e-03
8.802816901408450903e-04
8.802816901408451987e-04
8.802816901408450903e-04
8.802816901408450903e-04
3.762943065428590210e-04
2.166539719083750322e-03
6.104105665644990160e-04
8.802816901408450903e-04
8.802816901408450903e-04
0.000000000000000000e+00
1.338358333506810705e-03
8.802816901408450903e-04
1.760563380281690397e-03
8.802816901408450903e-04
0.000000000000000000e+00
7.335680751173710712e-04
8.802816901408450903e-04
1.405366363993981564e-03
2.455483676506424614e-04
4.284196134242088680e-04
0.000000000000000000e+00
3.521126760563379927e-04
8.802816901408450903e-04
8.802816901408450903e-04
7.042253521126760939e-04
8.802816901408451987e-04
4.315683902912437805e-04
8.802816901408450903e-04
6.104105665644990160e-04
0.000000000000000000e+00
8.802816901408450903e-04
8.802816901408450903e-04
3.829653613933311444e-04
8.802816901408450903e-04
8.802816901408450903e-04
1.047782716291247159e-03
8.802816901408450903e-04
0.000000000000000000e+00
3.974382463693197599e-04
8.802816901408450903e-04
8.802816901408450903e-04
8.802816901408450903e-04
1.313113569542802327e-03
8.802816901408451987e-04
8.802816901408451987e-04
1.103592550017874372e-03
1.624639105352470659e-03
8.802816901408450903e-04
8.802816901408450903e-04
4.401408450704225451e-04
7.410390924825861281e-04
6.691791667534053526e-04
0.000000000000000000e+00
4.645985366627027068e-04
8.645950446603751279e-04
8.802816901408450903e-04
0.000000000000000000e+00
8.802816901408450903e-04
8.802816901408450903e-04
8.802816901408450903e-04
8.802816901408450903e-04
8.802816901408450903e-04
4.401408450704225451e-04
0.000000000000000000e+00
0.000000000000000000e+00
8.802816901408450903e-04
8.802816901408450903e-04
8.802816901408450903e-04
8.802816901408450903e-04
8.802816901408450903e-04
8.321140279668694977e-04
8.802816901408450903e-04
1.420023937293537564e-03
8.802816901408450903e-04
8.802816901408450903e-04
8.802816901408450903e-04
8.802816901408450903e-04
8.802816901408450903e-04
0.000000000000000000e+00
8.802816901408450903e-04
0.000000000000000000e+00
9.998684746829289254e-04
2.640845070422535162e-03
8.802816901408450903e-04
8.802816901408450903e-04
8.802816901408450903e-04
8.802816901408450903e-04
8.802816901408450903e-04
8.802816901408450903e-04
8.802816901408450903e-04
8.802816901408450903e-04
8.802816901408450903e-04
1.063903129251406610e-03
8.030993552294522341e-04
2.200704225352112726e-04
1.760563380281690181e-03
8.802816901408450903e-04
0.000000000000000000e+00
8.802816901408450903e-04
8.802816901408450903e-04
8.802816901408450903e-04
8.802816901408450903e-04
8.802816901408450903e-04
8.802816901408450903e-04
8.802816901408450903e-04
5.281690140845069891e-04
8.802816901408450903e-04
4.645985366627027068e-04
8.802816901408450903e-04
3.339650081033171923e-03
8.802816901408450903e-04
1.760563380281690181e-03
3.521126760563380361e-03
2.042574896172523035e-03
8.802816901408450903e-04
8.802816901408450903e-04
1.863855340066992126e-03
8.802816901408450903e-04
8.802816901408450903e-04
4.401408450704225451e-04
0.000000000000000000e+00
1.039645641830675479e-03
0.000000000000000000e+00
1.760563380281690181e-03
1.700591540583694340e-03
8.802816901408450903e-04
1.507973980669059322e-03
8.802816901408450903e-04
0.000000000000000000e+00
1.467136150234742142e-03
7.922535211267605487e-03
8.802816901408450903e-04
8.802816901408450903e-04
8.802816901408450903e-04
8.802816901408450903e-04
5.650488877622511508e-04
3.974382463693197599e-04
8.802816901408450903e-04
5.281690140845070325e-03
8.802816901408450903e-04
8.802816901408454155e-04
3.281957301930980928e-03
2.640845070422535162e-03
0.000000000000000000e+00
1.003768750130108137e-03
1.003768750130108137e-03
4.074324865729541810e-04
8.802816901408450903e-04
2.640845070422535162e-03
8.802816901408450903e-04
3.974382463693197599e-04
1.554118038919375050e-03
8.802816901408450903e-04
4.820354853350286052e-03
0.000000000000000000e+00
1.760563380281690181e-03
8.802816901408450903e-04
5.868544600938968353e-04
5.868544600938968353e-04
8.802816901408450903e-04
8.802816901408450903e-04
1.760563380281690181e-03
2.934272300469484176e-04
8.802816901408450903e-04
8.802816901408450903e-04
8.802816901408450903e-04
8.802816901408450903e-04
0.000000000000000000e+00
8.802816901408450903e-04
8.802816901408450903e-04
8.802816901408450903e-04
1.760563380281690397e-03
3.142384952198444027e-03
8.802816901408450903e-04
2.640845070422535162e-03
8.802816901408450903e-04
8.802816901408450903e-04
8.802816901408450903e-04
0.000000000000000000e+00
8.802816901408450903e-04
5.040444884650770001e-03
0.000000000000000000e+00
8.802816901408450903e-04
3.380209905428261784e-03
3.380209905428261784e-03
4.401408450704225451e-04
1.760563380281690181e-03
8.802816901408450903e-04
0.000000000000000000e+00
4.401408450704225451e-04
0.000000000000000000e+00
8.802816901408450903e-04
8.802816901408450903e-04
3.467126467691732192e-03
8.802816901408450903e-04
3.169014084507041935e-03
8.802816901408450903e-04
8.802816901408450903e-04
8.802816901408450903e-04
0.000000000000000000e+00
1.760563380281690181e-03
8.802816901408450903e-04
2.934272300469484176e-04
8.802816901408450903e-04
0.000000000000000000e+00
0.000000000000000000e+00
0.000000000000000000e+00
0.000000000000000000e+00
8.802816901408450903e-04
8.802816901408450903e-04
8.802816901408451987e-04
4.401408450704225560e-03
2.640845070422535162e-03
8.802816901408450903e-04
8.802816901408450903e-04
8.802816901408450903e-04
8.802816901408450903e-04
8.247992312358780765e-04
6.911186385150478069e-04
4.401408450704225993e-04
1.760563380281690181e-03
3.961267605633802744e-03
2.934272300469484176e-04
8.802816901408450903e-04
4.323744913212115436e-04
4.820354853350286052e-03
3.521126760563380361e-03
8.802816901408450903e-04
0.000000000000000000e+00
0.000000000000000000e+00
8.802816901408450903e-04
4.962758264520134369e-03
8.802816901408450903e-04
8.802816901408450903e-04
2.053990610328638652e-03
7.042253521126760939e-04
8.802816901408450903e-04
0.000000000000000000e+00
0.000000000000000000e+00
1.760563380281690181e-03
0.000000000000000000e+00
8.802816901408450903e-04
8.802816901408450903e-04
8.802816901408450903e-04
8.802816901408450903e-04
8.802816901408450903e-04
8.802816901408450903e-04
0.000000000000000000e+00
2.711473253004057209e-03
2.464788732394365949e-03
8.802816901408450903e-04
0.000000000000000000e+00
8.802816901408450903e-04
8.802816901408450903e-04
8.802816901408450903e-04
8.802816901408450903e-04
6.602112676056337906e-04
8.802816901408450903e-04
8.802816901408450903e-04
8.802816901408450903e-04
3.839864295519921809e-04
1.047782716291247159e-03
8.802816901408450903e-04
8.802816901408450903e-04
8.000904500271299735e-04
8.802816901408450903e-04
8.802816901408450903e-04
2.167995866854643874e-03
8.802816901408450903e-04
2.149748335121250131e-03
2.217016449000975328e-03
8.802816901408450903e-04
8.802816901408450903e-04
1.685451224648020375e-03
8.802816901408450903e-04
8.802816901408450903e-04
7.299357263527798132e-04
2.934272300469484176e-04
2.428610250917719211e-03
7.042253521126760722e-03
8.802816901408450903e-04
2.200704225352112726e-04
2.366706562155895290e-03
8.802816901408450903e-04
8.802816901408450903e-04
1.982753676319991623e-03
1.760563380281690181e-03
1.702697214940763896e-04
8.802816901408450903e-04
8.802816901408450903e-04
2.200704225352112726e-04
1.338358333506810705e-03
7.545271629778670499e-04
8.802816901408450903e-04
8.802816901408450903e-04
5.281690140845070325e-03
6.104105665644990160e-04
8.802816901408450903e-04
8.802816901408450903e-04
3.873775200721552101e-04
4.323744913212115436e-04
8.802816901408450903e-04
8.802816901408450903e-04
3.891849548395601675e-04
4.323744913212115436e-04
8.802816901408450903e-04
5.868544600938968353e-04
8.802816901408450903e-04
5.868544600938968353e-04
8.802816901408450903e-04
1.166335930876116539e-03
2.934272300469484176e-04
8.802816901408451987e-04
8.802816901408450903e-04
8.802816901408450903e-04
8.802816901408450903e-04
8.802816901408450903e-04
1.047782716291247159e-03
8.802816901408450903e-04
8.802816901408450903e-04
8.802816901408450903e-04
0.000000000000000000e+00
1.591394313889423883e-03
5.281690140845070325e-03
3.169014084507041935e-03
9.481701970062220153e-04
5.281690140845070325e-03
8.802816901408454155e-04
2.934272300469484176e-04
2.934272300469484176e-04
2.934272300469484176e-04
8.148649731459084705e-04
8.802816901408450903e-04
8.802816901408450903e-04
8.802816901408450903e-04
1.320422535211267798e-03
0.000000000000000000e+00
3.839864295519921809e-04
8.802816901408450903e-04
0.000000000000000000e+00
8.802816901408450903e-04
1.520555129227785197e-03
3.754785851688607727e-03
3.974382463693197599e-04
8.802816901408450903e-04
3.467126467691732192e-03
3.467126467691732192e-03
8.802816901408450903e-04
8.802816901408450903e-04
9.798830922231149647e-04
8.802816901408450903e-04
8.802816901408450903e-04
8.802816901408450903e-04
0.000000000000000000e+00
0.000000000000000000e+00
1.760563380281690181e-03
8.802816901408450903e-04
8.802816901408450903e-04
0.000000000000000000e+00
1.760563380281690181e-03
8.802816901408450903e-04
6.691791667534053526e-04
1.199009593520506192e-03
9.779408503072183588e-04
0.000000000000000000e+00
8.802816901408450903e-04
1.166335930876116539e-03
8.802816901408450903e-04
1.509978868257385188e-03
5.706919872997263639e-04
1.760563380281690181e-03
2.640845070422535162e-03
0.000000000000000000e+00
8.802816901408450903e-04
2.640845070422535162e-03
1.606338481334896543e-03
2.640845070422535162e-03
5.949356964909819625e-04
1.412246807518934130e-03
0.000000000000000000e+00
2.325408505831173984e-03
5.822292119739763206e-04
0.000000000000000000e+00
8.802816901408450903e-04
2.640845070422535162e-03
8.802816901408450903e-04
7.651197001339675972e-04
8.802816901408450903e-04
7.702464788732393862e-04
8.802816901408450903e-04
3.521126760563380361e-03
8.802816901408450903e-04
7.042253521126760722e-03
1.685451224648020375e-03
0.000000000000000000e+00
2.192858529708631345e-03
1.098937236939761999e-03
0.000000000000000000e+00
8.802816901408450903e-04
1.700591540583694340e-03
0.000000000000000000e+00
1.199009593520506192e-03
8.802816901408449819e-04
9.340045689486747372e-04
4.401408450704225451e-04
8.802816901408450903e-04
4.401408450704225451e-04
1.301364040652237168e-03
7.702464788732393862e-04
8.802816901408450903e-04
4.401408450704225451e-04
7.321369386002332192e-04
5.949356964909820709e-04
8.802816901408450903e-04
5.281690140845070325e-03
8.802816901408450903e-04
2.428610250917719211e-03
8.802816901408450903e-04
7.545271629778670499e-04
8.802816901408450903e-04
8.802816901408450903e-04
8.802816901408450903e-04
8.802816901408450903e-04
8.802816901408450903e-04
8.802816901408450903e-04
0.000000000000000000e+00
8.802816901408450903e-04
8.802816901408450903e-04
8.802816901408450903e-04
8.802816901408450903e-04
8.802816901408450903e-04
0.000000000000000000e+00
9.323804363005386807e-04
8.802816901408450903e-04
4.401408450704225451e-04
8.802816901408450903e-04
1.760563380281690181e-03
5.595167296859849485e-04
4.820354853350286052e-03
8.247992312358780765e-04
8.247992312358780765e-04
8.802816901408450903e-04
8.154834479598957247e-04
1.047782716291247159e-03
4.315683902912437805e-04
0.000000000000000000e+00
8.802816901408450903e-04
0.000000000000000000e+00
6.397079697997000653e-04
1.702697214940763896e-04
8.802816901408450903e-04
5.281690140845070325e-03
0.000000000000000000e+00
1.100352112676056390e-03
3.142704931071009533e-04
8.802816901408450903e-04
8.802816901408450903e-04
8.802816901408450903e-04
8.802816901408450903e-04
8.802816901408450903e-04
4.401408450704225451e-04
8.802816901408450903e-04
0.000000000000000000e+00
8.802816901408450903e-04
0.000000000000000000e+00
4.401408450704225560e-03
3.467126467691732192e-03
0.000000000000000000e+00
1.760563380281690181e-03
5.281690140845070325e-03
8.802816901408450903e-04
8.181584474242295383e-04
8.802816901408454155e-04
6.911628684974942391e-04
8.802816901408454155e-04
4.848794936200470358e-04
8.802816901408450903e-04
8.802816901408450903e-04
1.584507042253521097e-02
8.645950446603751279e-04
6.161971830985915090e-03
9.212721249226959921e-04
9.212721249226959921e-04
8.802816901408450903e-04
8.802816901408450903e-04
8.802816901408450903e-04
8.802816901408451987e-04
0.000000000000000000e+00
7.545271629778670499e-04
8.802816901408450903e-04
1.526904289156463031e-03
0.000000000000000000e+00
8.802816901408450903e-04
2.934272300469484176e-04
1.034252945286168830e-03
4.401408450704225451e-04
1.685451224648020375e-03
8.802816901408450903e-04
8.802816901408450903e-04
4.315683902912437805e-04
2.242431795944645721e-03
2.325408505831173984e-03
6.104105665644990160e-04
8.802816901408450903e-04
8.802816901408450903e-04
8.802816901408450903e-04
8.802816901408450903e-04
1.257545271629778507e-04
4.401408450704225451e-04
8.802816901408450903e-04
8.802816901408450903e-04
8.802816901408450903e-04
8.802816901408450903e-04
1.632102713764729904e-03
8.802816901408450903e-04
8.802816901408450903e-04
0.000000000000000000e+00
0.000000000000000000e+00
8.802816901408450903e-04
8.802816901408450903e-04
1.172040622052361288e-03
8.802816901408450903e-04
8.802816901408450903e-04
0.000000000000000000e+00
8.802816901408450903e-04
8.802816901408450903e-04
9.963378591801978247e-04
5.281690140845070325e-03
8.802816901408450903e-04
0.000000000000000000e+00
8.802816901408450903e-04
8.802816901408450903e-04
8.802816901408450903e-04
1.232394366197182975e-03
2.042574896172523035e-03
1.338358333506810705e-03
8.802816901408450903e-04
2.224341303958811585e-03
2.099516603267267793e-03
8.802816901408450903e-04
5.868544600938968353e-04
8.802816901408450903e-04
8.802816901408450903e-04
0.000000000000000000e+00
8.802816901408450903e-04
8.802816901408450903e-04
8.802816901408450903e-04
8.802816901408450903e-04
0.000000000000000000e+00
0.000000000000000000e+00
8.802816901408450903e-04
8.802816901408450903e-04
8.802816901408450903e-04
8.802816901408450903e-04
8.802816901408450903e-04
8.802816901408450903e-04
5.942274494055736420e-04
8.802816901408450903e-04
0.000000000000000000e+00
1.951608260529302200e-03
3.405394429881527791e-04
0.000000000000000000e+00
1.760563380281690181e-03
1.760563380281690181e-03
5.281690140845069891e-04
2.934272300469484176e-04
1.760563380281690181e-03
2.640845070422535162e-03
8.802816901408450903e-04
8.000904500271299735e-04
4.238723339181308704e-03
8.802816901408450903e-04
1.296315601622338026e-03
1.026442083386625969e-03
5.868544600938968353e-04
0.000000000000000000e+00
8.802816901408450903e-04
8.399103596436930004e-04
8.802816901408450903e-04
1.039645641830675479e-03
6.152904967746644811e-04
1.702697214940763896e-04
8.802816901408450903e-04
1.230580993549328962e-03
1.095256014228483156e-03
1.301364040652237168e-03
5.868544600938968353e-04
8.802816901408450903e-04
1.060195772525075915e-03
0.000000000000000000e+00
1.179047402334031450e-03
1.173708920187793671e-03
2.151799687010954448e-03
8.802816901408450903e-04
1.173708920187793671e-03
8.802816901408450903e-04
1.271517996870109466e-03
0.000000000000000000e+00
3.350632924623500684e-03
3.169014084507041935e-03
5.868544600938968353e-04
8.802816901408450903e-04
8.802816901408450903e-04
8.802816901408450903e-04
0.000000000000000000e+00
8.802816901408450903e-04
1.060195772525075915e-03
2.640845070422535162e-03
2.428610250917719211e-03
1.685451224648020375e-03
8.802816901408450903e-04
0.000000000000000000e+00
0.000000000000000000e+00
8.000904500271299735e-04
1.150152813717191490e-03
7.042253521126759855e-04
1.543998196992261464e-03
0.000000000000000000e+00
8.802816901408450903e-04
8.802816901408450903e-04
8.802816901408450903e-04
1.672908784943276470e-03
9.998684746829289254e-04
1.576164011892969969e-04
0.000000000000000000e+00
8.802816901408450903e-04
9.383097746605215117e-04
8.802816901408450903e-04
1.003768750130108137e-03
1.079921888603053081e-03
8.802816901408450903e-04
0.000000000000000000e+00
0.000000000000000000e+00
8.802816901408450903e-04
2.042574896172523035e-03
1.877388511509607040e-03
3.169014084507041935e-03
1.036298214624401968e-03
8.802816901408450903e-04
1.178419434985134061e-03
1.163061417728718109e-03
1.760563380281690181e-03
5.281690140845070325e-03
8.802816901408450903e-04
8.802816901408451987e-04
3.891849548395601675e-04
8.802816901408450903e-04
8.802816901408450903e-04
6.691791667534054610e-04
1.973404443839223837e-03
3.521126760563380361e-03
5.868544600938968353e-04
8.802816901408450903e-04
5.281690140845070325e-03
8.802816901408450903e-04
8.802816901408450903e-04
8.802816901408450903e-04
8.802816901408450903e-04
8.802816901408450903e-04
1.760563380281690181e-03
7.042253521126759855e-04
8.802816901408450903e-04
1.098937236939761999e-03
0.000000000000000000e+00
8.802816901408450903e-04
8.802816901408450903e-04
3.839864295519921809e-04
3.974382463693197599e-04
7.335680751173710712e-04
0.000000000000000000e+00
7.560352047076135526e-04
7.335680751173710712e-04
5.868544600938968353e-04
0.000000000000000000e+00
6.602112676056337906e-04
0.000000000000000000e+00
8.802816901408450903e-04
8.802816901408449819e-04
5.949356964909820709e-04
3.521126760563380361e-03
8.802816901408450903e-04
1.173708920187793671e-03
2.640845070422535162e-03
8.148649731459084705e-04
5.309774444783510114e-04
8.802816901408450903e-04
8.802816901408450903e-04
5.868544600938968353e-04
1.166335930876116539e-03
8.802816901408450903e-04
5.868544600938968353e-04
8.802816901408450903e-04
8.802816901408451987e-04
1.512196950773541651e-03
3.829653613933311444e-04
7.042253521126759855e-04
1.036298214624401968e-03
8.802816901408450903e-04
1.036298214624401968e-03
5.706919872997263639e-04
8.802816901408450903e-04
7.164318817223209275e-04
1.426729968249315910e-04
1.408450704225352144e-02
2.952599955352764216e-04
8.802816901408450903e-04
8.802816901408450903e-04
5.868544600938968353e-04
4.401408450704225451e-04
8.802816901408450903e-04
3.891849548395601675e-04
8.802816901408450903e-04
0.000000000000000000e+00
2.934272300469484176e-04
8.802816901408450903e-04
8.802816901408450903e-04
8.802816901408450903e-04
8.802816901408450903e-04
8.802816901408450903e-04
8.802816901408450903e-04
8.802816901408450903e-04
8.802816901408450903e-04
8.802816901408450903e-04
3.405394429881527791e-04
8.802816901408450903e-04
8.802816901408450903e-04
8.802816901408450903e-04
8.802816901408450903e-04
8.802816901408450903e-04
8.802816901408450903e-04
0.000000000000000000e+00
8.802816901408450903e-04
8.802816901408450903e-04
0.000000000000000000e+00
1.056338028169014065e-02
1.760563380281689964e-03
1.338358333506810705e-03
2.934272300469484176e-04
7.042253521126759855e-04
8.802816901408450903e-04
8.802816901408450903e-04
8.802816901408450903e-04
0.000000000000000000e+00
8.802816901408450903e-04
0.000000000000000000e+00
2.934272300469484176e-04
0.000000000000000000e+00
7.783699096791203351e-04
5.024225361455790864e-04
0.000000000000000000e+00
8.802816901408450903e-04
5.281690140845070325e-03
8.802816901408450903e-04
8.802816901408450903e-04
8.802816901408450903e-04
1.760563380281690181e-03
3.891849548395601675e-04
3.891849548395601675e-04
1.408450704225351971e-03
8.802816901408451987e-04
1.571730393347754023e-03
2.369506860494606081e-03
3.974382463693197599e-04
6.691791667534053526e-04
0.000000000000000000e+00
8.802816901408450903e-04
3.974382463693197599e-04
6.397079697997000653e-04
7.042253521126760722e-03
8.802816901408450903e-04
5.281690140845070325e-03
8.802816901408450903e-04
0.000000000000000000e+00
0.000000000000000000e+00
5.926354723065685231e-04
0.000000000000000000e+00
0.000000000000000000e+00
8.802816901408450903e-04
8.802816901408450903e-04
6.691791667534054610e-04
6.691791667534054610e-04
8.802816901408450903e-04
8.802816901408450903e-04
8.802816901408450903e-04
9.798830922231149647e-04
4.401408450704225560e-03
4.401408450704225451e-04
8.802816901408450903e-04
8.802816901408450903e-04
8.802816901408450903e-04
8.802816901408450903e-04
8.802816901408450903e-04
0.000000000000000000e+00
4.401408450704225451e-04
4.401408450704225451e-04
0.000000000000000000e+00
