0.000000000000000000e+00
7.168458781362006078e-04
0.000000000000000000e+00
3.326055545378112099e-04
1.561072888584191408e-03
3.982477100756670585e-04
0.000000000000000000e+00
2.949205028112256545e-04
5.057781162212340474e-04
4.150615097044586636e-03
2.787733970529669356e-03
1.991238550378335130e-03
1.991238550378335293e-04
3.982477100756670585e-04
1.493428912783751402e-04
0.000000000000000000e+00
1.194743130227001121e-03
3.982477100756670043e-04
2.144410746561284495e-04
1.194743130227001121e-03
3.769337021500564450e-04
1.991238550378335293e-04
7.964954201513341171e-04
1.327492366918890286e-04
0.000000000000000000e+00
1.327492366918890286e-04
0.000000000000000000e+00
0.000000000000000000e+00
7.964954201513341171e-04
0.000000000000000000e+00
3.982477100756670585e-04
1.957856666318842989e-03
0.000000000000000000e+00
0.000000000000000000e+00
0.000000000000000000e+00
4.327797801583604107e-05
5.973715651135006258e-03
4.327797801583604107e-05
9.956192751891676464e-05
3.185981680605336468e-03
0.000000000000000000e+00
0.000000000000000000e+00
7.964954201513341171e-04
0.000000000000000000e+00
5.177220230983672032e-03
6.371963361210673154e-04
3.982477100756670585e-04
3.982477100756670585e-04
3.584229390681003581e-03
4.327797801583604107e-05
1.592990840302668234e-03
0.000000000000000000e+00
0.000000000000000000e+00
2.144410746561284495e-04
0.000000000000000000e+00
0.000000000000000000e+00
3.982477100756670585e-04
0.000000000000000000e+00
0.000000000000000000e+00
0.000000000000000000e+00
0.000000000000000000e+00
0.000000000000000000e+00
1.592990840302668234e-03
1.991238550378335130e-03
5.177220230983672032e-03
1.826081295957392939e-03
3.982477100756670585e-04
4.025279449642951007e-03
9.956192751891676464e-05
2.654984733837780571e-04
5.389007637983866603e-04
0.000000000000000000e+00
0.000000000000000000e+00
2.787733970529669572e-04
0.000000000000000000e+00
1.234567901234567833e-02
2.787733970529669356e-03
3.982477100756670585e-04
0.000000000000000000e+00
3.185981680605336468e-03
3.982477100756670585e-04
9.105310642937344129e-04
9.596687147731765202e-04
3.982477100756670585e-04
0.000000000000000000e+00
3.119621781186639078e-04
0.000000000000000000e+00
7.168458781362007162e-03
0.000000000000000000e+00
0.000000000000000000e+00
1.991238550378335293e-04
0.000000000000000000e+00
1.991238550378335293e-04
0.000000000000000000e+00
5.044233523570742280e-04
6.770211071286340483e-03
0.000000000000000000e+00
9.956192751891676464e-05
1.991238550378335293e-04
2.787733970529669356e-03
4.380724810832337807e-03
2.389486260454002026e-04
4.150615097044586636e-03
2.077460971003817439e-04
0.000000000000000000e+00
1.592990840302668234e-03
0.000000000000000000e+00
0.000000000000000000e+00
3.318730917297225578e-04
2.654984733837780571e-04
0.000000000000000000e+00
0.000000000000000000e+00
0.000000000000000000e+00
0.000000000000000000e+00
0.000000000000000000e+00
0.000000000000000000e+00
2.787733970529669356e-03
4.380724810832337807e-03
0.000000000000000000e+00
7.964954201513340087e-05
0.000000000000000000e+00
0.000000000000000000e+00
0.000000000000000000e+00
3.982477100756671128e-04
0.000000000000000000e+00
0.000000000000000000e+00
0.000000000000000000e+00
0.000000000000000000e+00
0.000000000000000000e+00
0.000000000000000000e+00
0.000000000000000000e+00
3.982477100756670585e-04
0.000000000000000000e+00
0.000000000000000000e+00
0.000000000000000000e+00
3.982477100756670585e-04
0.000000000000000000e+00
0.000000000000000000e+00
3.982477100756670585e-04
1.592990840302668234e-03
0.000000000000000000e+00
3.982477100756670585e-04
0.000000000000000000e+00
1.592990840302668234e-03
3.518587235143147353e-04
3.982477100756670585e-04
3.982477100756670585e-04
9.956192751891676464e-05
0.000000000000000000e+00
0.000000000000000000e+00
0.000000000000000000e+00
2.787733970529669356e-03
5.575467941059338711e-03
4.380724810832337807e-03
1.991238550378335022e-04
3.982477100756670585e-04
0.000000000000000000e+00
0.000000000000000000e+00
6.827103601297148956e-04
0.000000000000000000e+00
0.000000000000000000e+00
5.099909938927182224e-04
2.986857825567502804e-04
2.787733970529669356e-03
7.964954201513341171e-04
1.991238550378335130e-03
0.000000000000000000e+00
3.982477100756670585e-04
2.441844654581674435e-04
4.490572807876837334e-04
1.991238550378335293e-04
0.000000000000000000e+00
4.221290696854697799e-04
0.000000000000000000e+00
3.982477100756670585e-04
2.323111642108057796e-04
3.982477100756671128e-04
6.510879428896078173e-04
3.566984906555906664e-04
1.855559462454091303e-04
0.000000000000000000e+00
0.000000000000000000e+00
2.323111642108057796e-04
0.000000000000000000e+00
3.119621781186639078e-04
1.327492366918890286e-04
1.991238550378335293e-04
1.991238550378335293e-04
7.964954201513341171e-04
0.000000000000000000e+00
3.982477100756670585e-04
4.728740271460247124e-04
0.000000000000000000e+00
0.000000000000000000e+00
0.000000000000000000e+00
0.000000000000000000e+00
0.000000000000000000e+00
1.106243639099075148e-04
0.000000000000000000e+00
3.269405687968771762e-04
4.327353275700699287e-04
0.000000000000000000e+00
0.000000000000000000e+00
6.082673166526556029e-04
0.000000000000000000e+00
3.982477100756670585e-04
0.000000000000000000e+00
0.000000000000000000e+00
6.555217104509394530e-04
2.323111642108057796e-04
1.592990840302668234e-03
1.327492366918890286e-04
7.964954201513341171e-04
1.194743130227001121e-03
3.982477100756670585e-04
2.654984733837780571e-04
3.982477100756670585e-04
1.194743130227001121e-03
3.613565154309183384e-04
0.000000000000000000e+00
0.000000000000000000e+00
3.982477100756670585e-04
0.000000000000000000e+00
3.185981680605336035e-04
3.982477100756670585e-04
2.032759786101076300e-04
1.592990840302668234e-03
4.592938264402089601e-04
0.000000000000000000e+00
0.000000000000000000e+00
0.000000000000000000e+00
7.964954201513341171e-04
2.389486260454002243e-03
0.000000000000000000e+00
0.000000000000000000e+00
0.000000000000000000e+00
1.493428912783751402e-04
0.000000000000000000e+00
1.106243639099075148e-04
2.986857825567502804e-04
0.000000000000000000e+00
0.000000000000000000e+00
5.973715651135006258e-03
3.982477100756670585e-04
1.592990840302668017e-04
0.000000000000000000e+00
0.000000000000000000e+00
0.000000000000000000e+00
4.236524954316753418e-04
3.982477100756670585e-04
1.592990840302668234e-03
0.000000000000000000e+00
3.332651680419710868e-04
0.000000000000000000e+00
3.412190405710608613e-04
0.000000000000000000e+00
0.000000000000000000e+00
0.000000000000000000e+00
0.000000000000000000e+00
2.389486260454002243e-03
1.668505526895415567e-04
3.982477100756670585e-04
0.000000000000000000e+00
0.000000000000000000e+00
1.327492366918890286e-04
0.000000000000000000e+00
1.991238550378335293e-04
3.982477100756670585e-04
2.077460971003817439e-04
3.982477100756670585e-04
4.327353275700699287e-04
8.485957867972171702e-04
2.986857825567502804e-04
3.982477100756670585e-04
3.982477100756670585e-04
2.349661489446435575e-02
3.518587235143147353e-04
0.000000000000000000e+00
3.982477100756670585e-04
0.000000000000000000e+00
0.000000000000000000e+00
0.000000000000000000e+00
0.000000000000000000e+00
0.000000000000000000e+00
0.000000000000000000e+00
0.000000000000000000e+00
3.982477100756670585e-04
0.000000000000000000e+00
3.982477100756670585e-04
0.000000000000000000e+00
0.000000000000000000e+00
0.000000000000000000e+00
0.000000000000000000e+00
0.000000000000000000e+00
3.982477100756670585e-04
3.982477100756671128e-04
7.964954201513341171e-04
3.982477100756671128e-04
0.000000000000000000e+00
3.982477100756670585e-04
0.000000000000000000e+00
0.000000000000000000e+00
0.000000000000000000e+00
0.000000000000000000e+00
2.986857825567502804e-04
3.982477100756670585e-04
0.000000000000000000e+00
3.274500796969590649e-04
2.787733970529669356e-03
0.000000000000000000e+00
2.527063793116660637e-04
0.000000000000000000e+00
0.000000000000000000e+00
0.000000000000000000e+00
1.592990840302668017e-04
0.000000000000000000e+00
0.000000000000000000e+00
6.770211071286340483e-03
1.194743130227001121e-03
0.000000000000000000e+00
0.000000000000000000e+00
3.982477100756670043e-04
0.000000000000000000e+00
9.956192751891676464e-05
0.000000000000000000e+00
0.000000000000000000e+00
1.327492366918890286e-04
3.185981680605336468e-03
3.982477100756670585e-04
0.000000000000000000e+00
1.396528076605162280e-03
0.000000000000000000e+00
3.982477100756670585e-04
0.000000000000000000e+00
1.991238550378335130e-03
3.982477100756670585e-04
3.119621781186639078e-04
1.493428912783751402e-04
4.327797801583604107e-05
3.982477100756670585e-04
0.000000000000000000e+00
1.991238550378335293e-04
0.000000000000000000e+00
3.982477100756670585e-04
1.671757536902586036e-03
2.245286403938418667e-04
9.830539783326668404e-04
2.144410746561284495e-04
3.272392475947624030e-04
3.982477100756670585e-04
8.685953484091260947e-05
0.000000000000000000e+00
0.000000000000000000e+00
1.493428912783751402e-04
0.000000000000000000e+00
0.000000000000000000e+00
0.000000000000000000e+00
0.000000000000000000e+00
0.000000000000000000e+00
0.000000000000000000e+00
0.000000000000000000e+00
0.000000000000000000e+00
2.245286403938418667e-04
0.000000000000000000e+00
1.826081295957392939e-03
0.000000000000000000e+00
3.982477100756671128e-04
7.964954201513341171e-04
0.000000000000000000e+00
0.000000000000000000e+00
3.982477100756671128e-04
0.000000000000000000e+00
7.703162230874980752e-05
6.639474224115843532e-04
1.991238550378335293e-04
3.982477100756670585e-04
9.956192751891676464e-05
3.982477100756670585e-04
0.000000000000000000e+00
1.592990840302668017e-04
2.654984733837780571e-04
7.964954201513340087e-05
2.654984733837780571e-04
0.000000000000000000e+00
2.654984733837780571e-04
3.982477100756670585e-04
1.592990840302668234e-03
1.035444046196734406e-02
3.982477100756670585e-04
1.194743130227001121e-03
3.982477100756670585e-04
1.991238550378335293e-04
1.592990840302668017e-04
3.982477100756670585e-04
0.000000000000000000e+00
3.982477100756670585e-04
0.000000000000000000e+00
1.592990840302668234e-03
5.408619926332467690e-04
0.000000000000000000e+00
3.982477100756670585e-04
3.185981680605336035e-04
0.000000000000000000e+00
3.982477100756670585e-04
1.592990840302668234e-03
0.000000000000000000e+00
5.312061172814916974e-04
0.000000000000000000e+00
1.194743130227001121e-03
3.274500796969590649e-04
1.592990840302668017e-04
9.263518180068892839e-04
3.982477100756670585e-04
0.000000000000000000e+00
0.000000000000000000e+00
0.000000000000000000e+00
0.000000000000000000e+00
3.982477100756670585e-04
1.991238550378335293e-04
0.000000000000000000e+00
0.000000000000000000e+00
4.688044688092827010e-04
3.982477100756670585e-04
0.000000000000000000e+00
0.000000000000000000e+00
0.000000000000000000e+00
4.551402400864766151e-04
3.982477100756670585e-04
3.982477100756670585e-04
3.982477100756670585e-04
0.000000000000000000e+00
0.000000000000000000e+00
1.592990840302668234e-03
2.389486260454002243e-03
0.000000000000000000e+00
0.000000000000000000e+00
9.956192751891676464e-05
7.964954201513341171e-04
0.000000000000000000e+00
2.389486260454002243e-03
3.982477100756670585e-04
0.000000000000000000e+00
3.982477100756670585e-04
0.000000000000000000e+00
3.982477100756670043e-04
9.956192751891676464e-05
0.000000000000000000e+00
0.000000000000000000e+00
2.389486260454002243e-03
0.000000000000000000e+00
0.000000000000000000e+00
0.000000000000000000e+00
9.030318896246571385e-04
0.000000000000000000e+00
3.255792872775565552e-04
0.000000000000000000e+00
1.035013975798909332e-03
0.000000000000000000e+00
0.000000000000000000e+00
0.000000000000000000e+00
0.000000000000000000e+00
7.964954201513341171e-04
0.000000000000000000e+00
0.000000000000000000e+00
1.991238550378335022e-04
2.323111642108057796e-04
3.982477100756670585e-04
3.982477100756671128e-04
3.318730917297225578e-04
1.575147049327413947e-04
1.991238550378335130e-03
1.991238550378335293e-04
6.371963361210673154e-04
3.982477100756670585e-04
0.000000000000000000e+00
2.654984733837780571e-04
5.264189612424376033e-04
1.327492366918890286e-04
2.556334275180873481e-04
1.991238550378335293e-04
0.000000000000000000e+00
6.623843012255691389e-04
0.000000000000000000e+00
0.000000000000000000e+00
3.982477100756670260e-03
3.239513053531099330e-04
9.956192751891676464e-05
3.982477100756670585e-04
0.000000000000000000e+00
4.838932202760347682e-04
3.338796135558957392e-04
0.000000000000000000e+00
0.000000000000000000e+00
3.982477100756671128e-04
9.956192751891676464e-05
0.000000000000000000e+00
5.099909938927182224e-04
1.194743130227001121e-03
3.982477100756670585e-04
0.000000000000000000e+00
0.000000000000000000e+00
0.000000000000000000e+00
0.000000000000000000e+00
4.883689309163348870e-04
1.897176278359279621e-03
5.575467941059338061e-04
0.000000000000000000e+00
2.389486260454002243e-03
5.611429678891971095e-04
0.000000000000000000e+00
0.000000000000000000e+00
1.991238550378335022e-04
1.592990840302668234e-03
0.000000000000000000e+00
0.000000000000000000e+00
2.323111642108057796e-04
0.000000000000000000e+00
1.327492366918890286e-04
5.359168156285963429e-04
1.991238550378335293e-04
3.982477100756670043e-04
0.000000000000000000e+00
1.373042256922027372e-03
1.656826743739621400e-04
0.000000000000000000e+00
0.000000000000000000e+00
0.000000000000000000e+00
0.000000000000000000e+00
0.000000000000000000e+00
3.982477100756671128e-04
0.000000000000000000e+00
0.000000000000000000e+00
1.094929124819596193e-03
0.000000000000000000e+00
0.000000000000000000e+00
0.000000000000000000e+00
3.185981680605336035e-04
0.000000000000000000e+00
0.000000000000000000e+00
3.982477100756670585e-04
9.956192751891676464e-05
3.982477100756670585e-04
1.592990840302668234e-03
1.592990840302668234e-03
3.982477100756670585e-04
0.000000000000000000e+00
1.991238550378335293e-04
0.000000000000000000e+00
0.000000000000000000e+00
2.489048187972918913e-04
3.982477100756670043e-04
0.000000000000000000e+00
0.000000000000000000e+00
0.000000000000000000e+00
0.000000000000000000e+00
4.252919150037189565e-04
3.982477100756670585e-04
3.982477100756670585e-04
0.000000000000000000e+00
0.000000000000000000e+00
1.991238550378335293e-04
3.982477100756670585e-04
3.982477100756670043e-04
1.526573436837454266e-03
0.000000000000000000e+00
3.982477100756670585e-04
1.991238550378335130e-03
3.982477100756670585e-04
0.000000000000000000e+00
2.450755138927182357e-04
3.393584993360753083e-04
2.389486260454002243e-03
2.986857825567502804e-04
0.000000000000000000e+00
4.814660102858513819e-04
0.000000000000000000e+00
1.575147049327413947e-04
1.493428912783751402e-04
6.418680689133592597e-04
0.000000000000000000e+00
0.000000000000000000e+00
0.000000000000000000e+00
2.371860163399113462e-04
0.000000000000000000e+00
0.000000000000000000e+00
1.991238550378335293e-04
0.000000000000000000e+00
0.000000000000000000e+00
0.000000000000000000e+00
0.000000000000000000e+00
1.194743130227001121e-03
0.000000000000000000e+00
0.000000000000000000e+00
0.000000000000000000e+00
9.558725587683807121e-04
0.000000000000000000e+00
0.000000000000000000e+00
0.000000000000000000e+00
0.000000000000000000e+00
2.144410746561284495e-04
1.194743130227001121e-03
1.855559462454091303e-04
3.982477100756670043e-04
3.318730917297225578e-04
0.000000000000000000e+00
0.000000000000000000e+00
1.855559462454091303e-04
1.493428912783751402e-04
0.000000000000000000e+00
0.000000000000000000e+00
2.389486260454002026e-04
2.590807503916101972e-04
1.592990840302668234e-03
0.000000000000000000e+00
7.070842766946505578e-04
0.000000000000000000e+00
0.000000000000000000e+00
3.982477100756670585e-04
0.000000000000000000e+00
0.000000000000000000e+00
3.982477100756670585e-04
5.015563415391167653e-04
0.000000000000000000e+00
1.991238550378335293e-04
0.000000000000000000e+00
0.000000000000000000e+00
0.000000000000000000e+00
0.000000000000000000e+00
3.982477100756670585e-04
1.991238550378335293e-04
0.000000000000000000e+00
3.982477100756670585e-04
3.982477100756670585e-04
5.483249360016961707e-04
3.040467935276541041e-04
3.751947864188531333e-04
0.000000000000000000e+00
3.185981680605336035e-04
1.496629428188829742e-04
0.000000000000000000e+00
9.956192751891676464e-05
1.991238550378335130e-03
0.000000000000000000e+00
1.991238550378335293e-04
3.982477100756670585e-04
3.982477100756670585e-04
0.000000000000000000e+00
6.770211071286340483e-03
0.000000000000000000e+00
3.982477100756670043e-04
0.000000000000000000e+00
5.309969467675561142e-04
0.000000000000000000e+00
3.982477100756670043e-04
8.485957867972171702e-04
2.625948221427845696e-04
3.113881752347544491e-04
1.194743130227001121e-03
2.654984733837780571e-04
3.318730917297225578e-04
7.964954201513341171e-04
0.000000000000000000e+00
0.000000000000000000e+00
6.544784951895248331e-05
0.000000000000000000e+00
0.000000000000000000e+00
0.000000000000000000e+00
0.000000000000000000e+00
4.638163066000196570e-04
0.000000000000000000e+00
1.991238550378335293e-04
0.000000000000000000e+00
6.827103601297148956e-04
3.318730917297225578e-04
2.389486260454002243e-03
3.185981680605336035e-04
3.982477100756670585e-04
1.991238550378335293e-04
0.000000000000000000e+00
0.000000000000000000e+00
1.991238550378335293e-04
5.483249360016961707e-04
0.000000000000000000e+00
7.964954201513341171e-04
3.982477100756670585e-04
0.000000000000000000e+00
1.356528879328824889e-04
0.000000000000000000e+00
0.000000000000000000e+00
0.000000000000000000e+00
3.982477100756670585e-04
2.787733970529669356e-03
2.986857825567502804e-04
3.982477100756670585e-04
0.000000000000000000e+00
2.654984733837780571e-04
1.991238550378335293e-04
3.521418627620392624e-04
0.000000000000000000e+00
0.000000000000000000e+00
7.964954201513341171e-04
0.000000000000000000e+00
4.632302521093629760e-04
0.000000000000000000e+00
6.960507084587160952e-04
0.000000000000000000e+00
3.185981680605336468e-03
3.982477100756670585e-04
0.000000000000000000e+00
0.000000000000000000e+00
0.000000000000000000e+00
0.000000000000000000e+00
0.000000000000000000e+00
0.000000000000000000e+00
0.000000000000000000e+00
0.000000000000000000e+00
0.000000000000000000e+00
3.132892334397282294e-04
5.044233523570742280e-04
3.119621781186639078e-04
2.787733970529669356e-03
0.000000000000000000e+00
1.592990840302668234e-03
1.991238550378335293e-04
3.518587235143147353e-04
0.000000000000000000e+00
7.964954201513341171e-04
0.000000000000000000e+00
0.000000000000000000e+00
0.000000000000000000e+00
3.982477100756670585e-04
0.000000000000000000e+00
3.982477100756670585e-04
5.408619926332467690e-04
1.991238550378335293e-04
0.000000000000000000e+00
0.000000000000000000e+00
1.493428912783751402e-04
3.982477100756670585e-04
1.035444046196734406e-02
3.119621781186639078e-04
0.000000000000000000e+00
4.380724810832337807e-03
3.982477100756670585e-04
0.000000000000000000e+00
0.000000000000000000e+00
1.327492366918890286e-04
0.000000000000000000e+00
0.000000000000000000e+00
0.000000000000000000e+00
2.187035328633429377e-04
2.654984733837780571e-04
3.982477100756670585e-04
0.000000000000000000e+00
1.194743130227001121e-03
1.991238550378335293e-04
0.000000000000000000e+00
2.349661489446435575e-02
3.185981680605336035e-04
3.982477100756670043e-04
0.000000000000000000e+00
0.000000000000000000e+00
3.982477100756670585e-04
0.000000000000000000e+00
2.986857825567502804e-04
3.982477100756670585e-04
3.584229390681003581e-03
0.000000000000000000e+00
2.787733970529669356e-03
3.323042320730935527e-04
3.212160877669171968e-04
1.991238550378335564e-04
3.982477100756670043e-04
9.816199121420101249e-04
2.519786394898961284e-04
2.787733970529669572e-04
3.269405687968771762e-04
3.751947864188531333e-04
2.389486260454002243e-03
3.982477100756670585e-04
7.964954201513341171e-04
0.000000000000000000e+00
0.000000000000000000e+00
0.000000000000000000e+00
2.753382111058585145e-04
1.991238550378335293e-04
3.982477100756670585e-04
7.964954201513341171e-04
3.982477100756670585e-04
0.000000000000000000e+00
2.654984733837780571e-04
3.185981680605336468e-03
0.000000000000000000e+00
3.982477100756670585e-04
0.000000000000000000e+00
2.519786394898961284e-04
3.982477100756671128e-04
0.000000000000000000e+00
0.000000000000000000e+00
6.418680689133592597e-04
3.982477100756670585e-04
0.000000000000000000e+00
1.194743130227001121e-03
0.000000000000000000e+00
3.982477100756670585e-04
2.654984733837780571e-04
3.606237969018099144e-04
0.000000000000000000e+00
0.000000000000000000e+00
0.000000000000000000e+00
1.991238550378335022e-04
0.000000000000000000e+00
0.000000000000000000e+00
0.000000000000000000e+00
0.000000000000000000e+00
0.000000000000000000e+00
2.495749944757645069e-04
1.991238550378335564e-04
1.493428912783751402e-04
0.000000000000000000e+00
2.893739274728492224e-04
0.000000000000000000e+00
0.000000000000000000e+00
0.000000000000000000e+00
0.000000000000000000e+00
0.000000000000000000e+00
0.000000000000000000e+00
0.000000000000000000e+00
1.991238550378335293e-04
5.264189612424377118e-04
5.575467941059338711e-03
0.000000000000000000e+00
3.982477100756670043e-04
0.000000000000000000e+00
3.982477100756670585e-04
0.000000000000000000e+00
0.000000000000000000e+00
0.000000000000000000e+00
3.982477100756670585e-04
7.964954201513341171e-04
2.871593207283433449e-04
0.000000000000000000e+00
3.982477100756670585e-04
5.389007637983866603e-04
9.050873780785775088e-04
0.000000000000000000e+00
3.982477100756670585e-04
6.424321755338345021e-04
6.969334926324173389e-04
0.000000000000000000e+00
6.371963361210673154e-04
0.000000000000000000e+00
1.194743130227001121e-03
3.982477100756670585e-04
3.332651680419710868e-04
0.000000000000000000e+00
1.327492366918890286e-04
0.000000000000000000e+00
0.000000000000000000e+00
3.570399408005519594e-04
0.000000000000000000e+00
0.000000000000000000e+00
0.000000000000000000e+00
3.982477100756670585e-04
2.150537634408602322e-02
0.000000000000000000e+00
3.982477100756670043e-04
0.000000000000000000e+00
0.000000000000000000e+00
0.000000000000000000e+00
1.991238550378335293e-04
1.592990840302668234e-03
9.956192751891676464e-05
0.000000000000000000e+00
0.000000000000000000e+00
3.869774792699670206e-04
0.000000000000000000e+00
3.982477100756670585e-04
3.393584993360753083e-04
4.629545235912522366e-04
1.769989822558520290e-04
0.000000000000000000e+00
3.982477100756670585e-04
2.323111642108057796e-04
0.000000000000000000e+00
0.000000000000000000e+00
0.000000000000000000e+00
0.000000000000000000e+00
0.000000000000000000e+00
7.964954201513341171e-04
0.000000000000000000e+00
1.991238550378335293e-04
7.964954201513341171e-04
4.883689309163348870e-04
0.000000000000000000e+00
0.000000000000000000e+00
3.982477100756670585e-04
3.982477100756670585e-04
3.518587235143147353e-04
9.956192751891676464e-05
3.518587235143147353e-04
2.450755138927182357e-04
1.991238550378335293e-04
3.982477100756670585e-04
5.192044232025991562e-04
3.982477100756670585e-04
0.000000000000000000e+00
3.218245062894378511e-04
3.982477100756670585e-04
3.982477100756670585e-04
0.000000000000000000e+00
2.986857825567502804e-04
2.986857825567502804e-04
0.000000000000000000e+00
0.000000000000000000e+00
5.177220230983672032e-03
1.194743130227001121e-03
0.000000000000000000e+00
4.380724810832337807e-03
7.964954201513341171e-04
0.000000000000000000e+00
3.982477100756670585e-04
3.584229390681003581e-03
7.598279201977404087e-04
0.000000000000000000e+00
3.185981680605336035e-04
3.982477100756670585e-04
2.144410746561284495e-04
3.982477100756671128e-04
0.000000000000000000e+00
2.787733970529669356e-03
0.000000000000000000e+00
2.654984733837780571e-04
3.982477100756670585e-04
2.323111642108057796e-04
4.510016538686320098e-04
2.654984733837780571e-04
3.521418627620392624e-04
4.883689309163348870e-04
2.323111642108057796e-04
0.000000000000000000e+00
0.000000000000000000e+00
0.000000000000000000e+00
1.991238550378335293e-04
0.000000000000000000e+00
7.964954201513341171e-04
0.000000000000000000e+00
3.982477100756670043e-04
0.000000000000000000e+00
1.396528076605162280e-03
6.082673166526556029e-04
0.000000000000000000e+00
0.000000000000000000e+00
0.000000000000000000e+00
0.000000000000000000e+00
3.982477100756670585e-04
6.600885000701279658e-04
3.274500796969590649e-04
0.000000000000000000e+00
2.323111642108057796e-04
1.373042256922027372e-03
0.000000000000000000e+00
4.077087041146568863e-04
0.000000000000000000e+00
0.000000000000000000e+00
0.000000000000000000e+00
3.941963901161168516e-04
3.239513053531099330e-04
3.884210194853424981e-04
3.982477100756670585e-04
0.000000000000000000e+00
0.000000000000000000e+00
3.095812551294486168e-04
2.783632036383985745e-04
1.575147049327413947e-04
3.982477100756670585e-04
7.964954201513341171e-04
3.982477100756670585e-04
3.119621781186639078e-04
2.389486260454002026e-04
1.592990840302668234e-03
1.575147049327413947e-04
1.991238550378335293e-04
0.000000000000000000e+00
7.964954201513341171e-04
2.753382111058585145e-04
2.209103301892421239e-03
7.964954201513341171e-04
2.654984733837780571e-04
0.000000000000000000e+00
3.758432378410810309e-04
3.982477100756670585e-04
3.982477100756670585e-04
1.426142825575797105e-04
0.000000000000000000e+00
0.000000000000000000e+00
1.592990840302668234e-03
3.982477100756670585e-04
2.654984733837780571e-04
0.000000000000000000e+00
0.000000000000000000e+00
3.982477100756670585e-04
0.000000000000000000e+00
0.000000000000000000e+00
6.181701330454411180e-04
3.218245062894378511e-04
0.000000000000000000e+00
9.956192751891676464e-05
1.075268817204301161e-02
0.000000000000000000e+00
3.982477100756670585e-04
0.000000000000000000e+00
3.982477100756670585e-04
0.000000000000000000e+00
2.986857825567502804e-04
9.956192751891676464e-05
0.000000000000000000e+00
3.982477100756670585e-04
0.000000000000000000e+00
3.982477100756670585e-04
0.000000000000000000e+00
0.000000000000000000e+00
0.000000000000000000e+00
3.982477100756670585e-04
1.178592840086357908e-03
0.000000000000000000e+00
0.000000000000000000e+00
0.000000000000000000e+00
1.991238550378335293e-04
7.964954201513341171e-04
0.000000000000000000e+00
0.000000000000000000e+00
0.000000000000000000e+00
0.000000000000000000e+00
0.000000000000000000e+00
2.986857825567502804e-04
6.424321755338345021e-04
7.964954201513341171e-04
1.836516079823714105e-03
3.982477100756670585e-04
0.000000000000000000e+00
3.982477100756670585e-04
1.327492366918890286e-04
0.000000000000000000e+00
6.874466773155812026e-04
2.654984733837780571e-04
0.000000000000000000e+00
0.000000000000000000e+00
0.000000000000000000e+00
3.982477100756670585e-04
0.000000000000000000e+00
5.044233523570742280e-04
0.000000000000000000e+00
6.637461834594451156e-04
4.327797801583604107e-05
0.000000000000000000e+00
1.991238550378335293e-04
3.982477100756671128e-04
1.396528076605162280e-03
0.000000000000000000e+00
3.982477100756670585e-04
0.000000000000000000e+00
4.380724810832337807e-03
0.000000000000000000e+00
1.991238550378335293e-04
0.000000000000000000e+00
7.964954201513341171e-04
2.844626500540478912e-04
1.575147049327413947e-04
0.000000000000000000e+00
0.000000000000000000e+00
1.327492366918890286e-04
1.592990840302668234e-03
3.982477100756670585e-04
0.000000000000000000e+00
0.000000000000000000e+00
0.000000000000000000e+00
1.327492366918890286e-04
6.668248730383600272e-04
1.759538148789936425e-04
2.844626500540478912e-04
3.982477100756670585e-04
1.194743130227001121e-03
0.000000000000000000e+00
3.982477100756670585e-04
3.982477100756670585e-04
1.592990840302668234e-03
0.000000000000000000e+00
3.518587235143147353e-04
2.787733970529669572e-04
0.000000000000000000e+00
0.000000000000000000e+00
9.488148980508767996e-04
3.982477100756670585e-04
0.000000000000000000e+00
0.000000000000000000e+00
3.982477100756670585e-04
0.000000000000000000e+00
0.000000000000000000e+00
0.000000000000000000e+00
9.956192751891676464e-05
3.982477100756670585e-04
3.982477100756670585e-04
1.194743130227001121e-03
7.964954201513341171e-04
1.194743130227001121e-03
0.000000000000000000e+00
0.000000000000000000e+00
0.000000000000000000e+00
5.575467941059338711e-03
0.000000000000000000e+00
0.000000000000000000e+00
9.956192751891676464e-05
0.000000000000000000e+00
3.982477100756670585e-04
0.000000000000000000e+00
0.000000000000000000e+00
2.350744154538246013e-04
3.982477100756671128e-04
3.276846594442222801e-04
5.177220230983672032e-03
0.000000000000000000e+00
1.991238550378335293e-04
7.130714127878986879e-05
3.982477100756670585e-04
3.982477100756670585e-04
3.982477100756670585e-04
0.000000000000000000e+00
3.982477100756670585e-04
0.000000000000000000e+00
0.000000000000000000e+00
3.982477100756670585e-04
3.982477100756670585e-04
0.000000000000000000e+00
0.000000000000000000e+00
0.000000000000000000e+00
1.991238550378335022e-04
5.015563415391167653e-04
0.000000000000000000e+00
3.982477100756670260e-03
3.140286555328957569e-04
1.855559462454091303e-04
3.982477100756670585e-04
6.711099386568525772e-04
2.654984733837780571e-04
0.000000000000000000e+00
3.982477100756670585e-04
4.195108213310185506e-04
3.982477100756670585e-04
3.431404412031766114e-04
3.982477100756670585e-04
3.521418627620392624e-04
0.000000000000000000e+00
0.000000000000000000e+00
0.000000000000000000e+00
4.632302521093629760e-04
2.389486260454002243e-03
0.000000000000000000e+00
0.000000000000000000e+00
0.000000000000000000e+00
0.000000000000000000e+00
4.814660102858513819e-04
3.982477100756671128e-04
0.000000000000000000e+00
2.764265728045034540e-04
0.000000000000000000e+00
0.000000000000000000e+00
0.000000000000000000e+00
0.000000000000000000e+00
0.000000000000000000e+00
3.318730917297225578e-04
1.592990840302668234e-03
1.991238550378335293e-04
0.000000000000000000e+00
3.140286555328957569e-04
1.194743130227001121e-03
0.000000000000000000e+00
3.751947864188531333e-04
3.982477100756670585e-04
2.986857825567502804e-04
3.982477100756670585e-04
9.956192751891676464e-05
0.000000000000000000e+00
0.000000000000000000e+00
3.982477100756670585e-04
3.982477100756670585e-04
0.000000000000000000e+00
0.000000000000000000e+00
3.982477100756670585e-04
0.000000000000000000e+00
1.092234107441725308e-03
2.844626500540478912e-04
0.000000000000000000e+00
0.000000000000000000e+00
0.000000000000000000e+00
2.654984733837780571e-04
0.000000000000000000e+00
1.991238550378335293e-04
0.000000000000000000e+00
0.000000000000000000e+00
0.000000000000000000e+00
0.000000000000000000e+00
0.000000000000000000e+00
3.982477100756670585e-04
0.000000000000000000e+00
0.000000000000000000e+00
3.982477100756670585e-04
0.000000000000000000e+00
2.389486260454002026e-04
0.000000000000000000e+00
1.991238550378335293e-04
5.099909938927182224e-04
3.982477100756670585e-04
0.000000000000000000e+00
0.000000000000000000e+00
2.787733970529669356e-03
0.000000000000000000e+00
1.327492366918890286e-04
0.000000000000000000e+00
1.327492366918890286e-04
2.389486260454002243e-03
5.527675340291477411e-04
0.000000000000000000e+00
1.991238550378335293e-04
1.194743130227001121e-03
3.982477100756670585e-04
2.221595474155027995e-03
3.982477100756670585e-04
7.396028901405244521e-04
9.956192751891676464e-05
1.991238550378335293e-04
2.144410746561284495e-04
3.982477100756670585e-04
3.982477100756670585e-04
8.533879501621435652e-04
0.000000000000000000e+00
3.518587235143147353e-04
3.869774792699670206e-04
0.000000000000000000e+00
4.717725142218680170e-04
0.000000000000000000e+00
3.982477100756670585e-04
2.144410746561284495e-04
2.144410746561284495e-04
0.000000000000000000e+00
3.982477100756670585e-04
0.000000000000000000e+00
3.982477100756670043e-04
0.000000000000000000e+00
7.340139124656329395e-04
3.982477100756671128e-04
0.000000000000000000e+00
2.654984733837780571e-04
1.991238550378335293e-04
0.000000000000000000e+00
0.000000000000000000e+00
3.069118439788728891e-04
0.000000000000000000e+00
0.000000000000000000e+00
3.982477100756670585e-04
1.327492366918890286e-04
3.869774792699670206e-04
3.982477100756670585e-04
0.000000000000000000e+00
0.000000000000000000e+00
0.000000000000000000e+00
3.185981680605336468e-03
8.350896109151957234e-04
9.956192751891676464e-05
3.982477100756671128e-04
9.956192751891676464e-05
3.982477100756671128e-04
0.000000000000000000e+00
6.816374765977483742e-04
0.000000000000000000e+00
0.000000000000000000e+00
0.000000000000000000e+00
3.982477100756670585e-04
0.000000000000000000e+00
1.991238550378335130e-03
3.982477100756670585e-04
0.000000000000000000e+00
0.000000000000000000e+00
6.766109137140656872e-04
0.000000000000000000e+00
0.000000000000000000e+00
0.000000000000000000e+00
5.611429678891971095e-04
0.000000000000000000e+00
0.000000000000000000e+00
8.669335021104876979e-04
3.982477100756671128e-04
0.000000000000000000e+00
5.153841725168248518e-04
5.483249360016961707e-04
0.000000000000000000e+00
0.000000000000000000e+00
3.869774792699670206e-04
0.000000000000000000e+00
0.000000000000000000e+00
0.000000000000000000e+00
0.000000000000000000e+00
3.869774792699670206e-04
0.000000000000000000e+00
1.991238550378335293e-04
1.991238550378335293e-04
3.982477100756670585e-04
3.982477100756670585e-04
0.000000000000000000e+00
0.000000000000000000e+00
2.391062048500334179e-04
3.982477100756670585e-04
0.000000000000000000e+00
7.964954201513340087e-05
0.000000000000000000e+00
0.000000000000000000e+00
0.000000000000000000e+00
7.964954201513340087e-05
0.000000000000000000e+00
2.654984733837780571e-04
1.991238550378335293e-04
1.991238550378335293e-04
0.000000000000000000e+00
0.000000000000000000e+00
0.000000000000000000e+00
0.000000000000000000e+00
2.371860163399113462e-04
5.044233523570742280e-04
3.982477100756670585e-04
0.000000000000000000e+00
2.844626500540478912e-04
0.000000000000000000e+00
8.510925440605546536e-04
0.000000000000000000e+00
3.982477100756671128e-04
0.000000000000000000e+00
3.982477100756670585e-04
1.592990840302668017e-04
5.923681506224224300e-04
7.964954201513341171e-04
5.483249360016961707e-04
0.000000000000000000e+00
0.000000000000000000e+00
0.000000000000000000e+00
3.982477100756670585e-04
3.027429444173112779e-04
0.000000000000000000e+00
0.000000000000000000e+00
0.000000000000000000e+00
4.883689309163347786e-04
5.575467941059338061e-04
1.592990840302668017e-04
3.982477100756671128e-04
3.374117194020935322e-04
0.000000000000000000e+00
4.883689309163347786e-04
9.956192751891676464e-05
3.982477100756670585e-04
9.956192751891676464e-05
3.982477100756670585e-04
0.000000000000000000e+00
0.000000000000000000e+00
0.000000000000000000e+00
0.000000000000000000e+00
0.000000000000000000e+00
0.000000000000000000e+00
0.000000000000000000e+00
1.991238550378335293e-04
3.982477100756671128e-04
2.349661489446435575e-02
0.000000000000000000e+00
7.396028901405244521e-04
0.000000000000000000e+00
0.000000000000000000e+00
0.000000000000000000e+00
8.350896109151957234e-04
1.991238550378335130e-03
3.982477100756671128e-04
0.000000000000000000e+00
0.000000000000000000e+00
8.669335021104876979e-04
0.000000000000000000e+00
0.000000000000000000e+00
0.000000000000000000e+00
0.000000000000000000e+00
7.964954201513341171e-04
3.982477100756670043e-04
0.000000000000000000e+00
0.000000000000000000e+00
3.374117194020935322e-04
0.000000000000000000e+00
3.982477100756670585e-04
3.869774792699670206e-04
1.592990840302668234e-03
1.373042256922027372e-03
4.236524954316753418e-04
0.000000000000000000e+00
0.000000000000000000e+00
0.000000000000000000e+00
9.956192751891676464e-05
3.982477100756670585e-04
0.000000000000000000e+00
0.000000000000000000e+00
2.389486260454002026e-04
5.527675340291477411e-04
0.000000000000000000e+00
1.991238550378335293e-04
2.654984733837780571e-04
1.327492366918890286e-04
2.787733970529669356e-03
7.964954201513341171e-04
3.185981680605336035e-04
3.982477100756670585e-04
3.982477100756670585e-04
0.000000000000000000e+00
1.991238550378335293e-04
0.000000000000000000e+00
0.000000000000000000e+00
0.000000000000000000e+00
1.327492366918890286e-04
2.389486260454002026e-04
0.000000000000000000e+00
0.000000000000000000e+00
3.982477100756670585e-04
1.592990840302668234e-03
6.418680689133592597e-04
8.350896109151957234e-04
1.194743130227001121e-03
1.327492366918890286e-04
1.991238550378335564e-04
3.982477100756670585e-04
6.250951414328148863e-04
3.374117194020935322e-04
3.982477100756670585e-04
3.982477100756670585e-04
0.000000000000000000e+00
0.000000000000000000e+00
2.389486260454002243e-03
0.000000000000000000e+00
3.393584993360753083e-04
0.000000000000000000e+00
0.000000000000000000e+00
7.964954201513341171e-04
3.982477100756670585e-04
3.185981680605336035e-04
0.000000000000000000e+00
7.964954201513341171e-04
3.982477100756670585e-04
1.194743130227001121e-03
3.982477100756670585e-04
3.982477100756670585e-04
1.991238550378335130e-03
0.000000000000000000e+00
3.286521460453199588e-04
0.000000000000000000e+00
0.000000000000000000e+00
6.424321755338345021e-04
6.145409587251861620e-04
0.000000000000000000e+00
0.000000000000000000e+00
0.000000000000000000e+00
2.349561339061126029e-04
0.000000000000000000e+00
1.592990840302668017e-04
7.964954201513341171e-04
1.865508873171893827e-03
7.964954201513341171e-04
3.982477100756670585e-04
3.119621781186639078e-04
2.389486260454002243e-03
2.925381411715419688e-04
3.982477100756670585e-04
9.389818356612489401e-04
7.964954201513341171e-04
3.982477100756671128e-04
8.661874169359867455e-04
0.000000000000000000e+00
0.000000000000000000e+00
3.052815258501708276e-04
7.964954201513341171e-04
5.973715651135005607e-04
0.000000000000000000e+00
3.566984906555906664e-04
2.389486260454002243e-03
3.982477100756671128e-04
0.000000000000000000e+00
0.000000000000000000e+00
0.000000000000000000e+00
5.080351354373714929e-04
1.991238550378335293e-04
3.982477100756670585e-04
1.194743130227001121e-03
1.194743130227001121e-03
4.327797801583604107e-05
0.000000000000000000e+00
0.000000000000000000e+00
3.982477100756670585e-04
5.702424201092326592e-04
5.990030787342337515e-03
1.561072888584191408e-03
1.991238550378335130e-03
0.000000000000000000e+00
7.964954201513341171e-04
3.119621781186639078e-04
3.982477100756670585e-04
3.521418627620392624e-04
3.521418627620392624e-04
0.000000000000000000e+00
0.000000000000000000e+00
3.982477100756670585e-04
0.000000000000000000e+00
0.000000000000000000e+00
5.567264072767971490e-04
3.982477100756670585e-04
1.194743130227001121e-03
0.000000000000000000e+00
0.000000000000000000e+00
3.475065916946851944e-04
2.221767786946474003e-04
1.991238550378335293e-04
2.787733970529669356e-03
2.787733970529669356e-03
7.964954201513340087e-05
4.632302521093629760e-04
0.000000000000000000e+00
0.000000000000000000e+00
3.982477100756670585e-04
7.964954201513341171e-04
0.000000000000000000e+00
0.000000000000000000e+00
1.194743130227001121e-03
7.964954201513340087e-05
0.000000000000000000e+00
0.000000000000000000e+00
3.982477100756670585e-04
3.982477100756670585e-04
0.000000000000000000e+00
4.265024963157940086e-04
7.964954201513341171e-04
0.000000000000000000e+00
3.982477100756670585e-04
3.982477100756670585e-04
1.035444046196734406e-02
1.592990840302668234e-03
9.956192751891676464e-05
3.584229390681003581e-03
0.000000000000000000e+00
0.000000000000000000e+00
1.592990840302668234e-03
1.194743130227001121e-03
0.000000000000000000e+00
3.982477100756670585e-04
0.000000000000000000e+00
0.000000000000000000e+00
0.000000000000000000e+00
0.000000000000000000e+00
0.000000000000000000e+00
3.982477100756671128e-04
3.982477100756670585e-04
0.000000000000000000e+00
1.991238550378335293e-04
0.000000000000000000e+00
0.000000000000000000e+00
1.540632446174996421e-04
3.982477100756670585e-04
2.986857825567502804e-04
3.982477100756670585e-04
2.654984733837780571e-04
0.000000000000000000e+00
0.000000000000000000e+00
1.396528076605162280e-03
0.000000000000000000e+00
3.982477100756671128e-04
0.000000000000000000e+00
0.000000000000000000e+00
0.000000000000000000e+00
3.982477100756670585e-04
2.986857825567502804e-04
2.371860163399113462e-04
0.000000000000000000e+00
3.982477100756670585e-04
1.991238550378335293e-04
0.000000000000000000e+00
5.813860591692926547e-04
0.000000000000000000e+00
7.964954201513340087e-05
0.000000000000000000e+00
0.000000000000000000e+00
4.267620448279701301e-04
1.855559462454091303e-04
3.982477100756670585e-04
2.441844654581674435e-04
0.000000000000000000e+00
2.292763164453146593e-03
1.194743130227001121e-03
0.000000000000000000e+00
0.000000000000000000e+00
0.000000000000000000e+00
0.000000000000000000e+00
3.982477100756670585e-04
1.991238550378335293e-04
0.000000000000000000e+00
1.991238550378335293e-04
0.000000000000000000e+00
1.627896436387782776e-04
3.982477100756670585e-04
0.000000000000000000e+00
0.000000000000000000e+00
3.982477100756670585e-04
3.982477100756670585e-04
3.982477100756670585e-04
0.000000000000000000e+00
0.000000000000000000e+00
2.144410746561284495e-04
0.000000000000000000e+00
3.982477100756670585e-04
1.327492366918890286e-04
3.982477100756670585e-04
1.855559462454091303e-04
0.000000000000000000e+00
0.000000000000000000e+00
2.867024986142358988e-04
0.000000000000000000e+00
3.185981680605336035e-04
0.000000000000000000e+00
0.000000000000000000e+00
1.991238550378335130e-03
0.000000000000000000e+00
0.000000000000000000e+00
3.982477100756670585e-04
2.986857825567502804e-04
1.194743130227001121e-03
1.194743130227001121e-03
0.000000000000000000e+00
1.592990840302668017e-04
0.000000000000000000e+00
0.000000000000000000e+00
3.982477100756670585e-04
0.000000000000000000e+00
4.487162758771592701e-04
1.991238550378335293e-04
1.991238550378335293e-04
3.982477100756670585e-04
0.000000000000000000e+00
3.338796135558957392e-04
2.654984733837780571e-04
0.000000000000000000e+00
7.964954201513341171e-04
2.323111642108057796e-04
3.982477100756670585e-04
3.982477100756670585e-04
2.245286403938418667e-04
0.000000000000000000e+00
0.000000000000000000e+00
0.000000000000000000e+00
3.982477100756670585e-04
3.982477100756670585e-04
7.259323695198893929e-04
0.000000000000000000e+00
1.194743130227001121e-03
0.000000000000000000e+00
7.964954201513341171e-04
1.194743130227001121e-03
1.238229838848426464e-03
3.655237853161908508e-04
4.537919047493288883e-04
3.982477100756670585e-04
5.402744858190041506e-04
0.000000000000000000e+00
0.000000000000000000e+00
1.991238550378335130e-03
0.000000000000000000e+00
2.458461495442807983e-04
0.000000000000000000e+00
1.991238550378335293e-04
3.982477100756670585e-04
3.269405687968771762e-04
3.982477100756670585e-04
2.955388803306672790e-04
0.000000000000000000e+00
0.000000000000000000e+00
0.000000000000000000e+00
7.964954201513341171e-04
1.794999321145041580e-03
5.567264072767971490e-04
1.327492366918890286e-04
0.000000000000000000e+00
7.964954201513341171e-04
4.632302521093629760e-04
0.000000000000000000e+00
3.982477100756670585e-04
4.082289214529272073e-04
1.592990840302668234e-03
2.389486260454002243e-03
2.556334275180872939e-04
7.964954201513341171e-04
3.982477100756670585e-04
3.982477100756670585e-04
3.982477100756670260e-03
0.000000000000000000e+00
0.000000000000000000e+00
0.000000000000000000e+00
9.956192751891676464e-05
3.982477100756670585e-04
0.000000000000000000e+00
3.982477100756670585e-04
3.982477100756670585e-04
0.000000000000000000e+00
5.743186414566866897e-04
1.592990840302668234e-03
0.000000000000000000e+00
1.327492366918890286e-04
0.000000000000000000e+00
0.000000000000000000e+00
1.991238550378335130e-03
0.000000000000000000e+00
3.982477100756670585e-04
3.982477100756670585e-04
3.982477100756670585e-04
6.371963361210672069e-04
0.000000000000000000e+00
0.000000000000000000e+00
6.371963361210672069e-04
3.982477100756670585e-04
1.592990840302668017e-04
1.327492366918890286e-04
1.194743130227001121e-03
8.350896109151957234e-04
0.000000000000000000e+00
7.964954201513341171e-04
1.592990840302668234e-03
3.982477100756670585e-04
5.117924226814393913e-04
0.000000000000000000e+00
0.000000000000000000e+00
0.000000000000000000e+00
0.000000000000000000e+00
0.000000000000000000e+00
5.079297301378680888e-04
1.371888656105772764e-02
1.108124825233483372e-02
1.476587550735341571e-02
0.000000000000000000e+00
1.592990840302668017e-04
6.052905855473567770e-03
0.000000000000000000e+00
3.982477100756670585e-04
6.308127457773719500e-04
0.000000000000000000e+00
0.000000000000000000e+00
1.592990840302668017e-04
0.000000000000000000e+00
0.000000000000000000e+00
0.000000000000000000e+00
0.000000000000000000e+00
1.592990840302668234e-03
0.000000000000000000e+00
0.000000000000000000e+00
7.365114262905920420e-04
3.982477100756670585e-04
4.717725142218680170e-04
1.991238550378335293e-04
0.000000000000000000e+00
0.000000000000000000e+00
0.000000000000000000e+00
1.991238550378335293e-04
0.000000000000000000e+00
0.000000000000000000e+00
0.000000000000000000e+00
3.982477100756670585e-04
0.000000000000000000e+00
1.592990840302668234e-03
3.982477100756670585e-04
3.318730917297225578e-04
0.000000000000000000e+00
5.743186414566866897e-04
6.308127457773719500e-04
1.991238550378335293e-04
0.000000000000000000e+00
1.493428912783751402e-04
0.000000000000000000e+00
0.000000000000000000e+00
0.000000000000000000e+00
2.654984733837780571e-04
0.000000000000000000e+00
0.000000000000000000e+00
0.000000000000000000e+00
3.982477100756670585e-04
0.000000000000000000e+00
0.000000000000000000e+00
0.000000000000000000e+00
0.000000000000000000e+00
1.206562433661040453e-03
0.000000000000000000e+00
4.672204316663656999e-04
3.741029343513437087e-04
1.991238550378335293e-04
3.185981680605336468e-03
0.000000000000000000e+00
0.000000000000000000e+00
7.964954201513340087e-05
0.000000000000000000e+00
0.000000000000000000e+00
0.000000000000000000e+00
3.982477100756670585e-04
0.000000000000000000e+00
1.493428912783751402e-04
0.000000000000000000e+00
0.000000000000000000e+00
0.000000000000000000e+00
0.000000000000000000e+00
0.000000000000000000e+00
3.027429444173112237e-04
1.991238550378335564e-04
0.000000000000000000e+00
2.556334275180873481e-04
1.991238550378335293e-04
0.000000000000000000e+00
9.956192751891676464e-05
0.000000000000000000e+00
4.082289214529272073e-04
0.000000000000000000e+00
0.000000000000000000e+00
0.000000000000000000e+00
0.000000000000000000e+00
1.334126545490427933e-03
0.000000000000000000e+00
3.982477100756671128e-04
0.000000000000000000e+00
3.218245062894378511e-04
0.000000000000000000e+00
7.964954201513342255e-04
0.000000000000000000e+00
1.561072888584191408e-03
9.956192751891676464e-05
5.575467941059338711e-03
3.982477100756670585e-04
0.000000000000000000e+00
5.264189612424376033e-04
3.982477100756670585e-04
7.964954201513341171e-04
3.982477100756671128e-04
3.982477100756670585e-04
0.000000000000000000e+00
0.000000000000000000e+00
3.982477100756670585e-04
0.000000000000000000e+00
3.982477100756670585e-04
0.000000000000000000e+00
0.000000000000000000e+00
3.982477100756670585e-04
0.000000000000000000e+00
0.000000000000000000e+00
0.000000000000000000e+00
3.982477100756670585e-04
0.000000000000000000e+00
0.000000000000000000e+00
3.119621781186639078e-04
0.000000000000000000e+00
0.000000000000000000e+00
9.956192751891676464e-05
0.000000000000000000e+00
0.000000000000000000e+00
0.000000000000000000e+00
3.751947864188531333e-04
3.982477100756670585e-04
1.493428912783751402e-04
2.932379067871728135e-04
0.000000000000000000e+00
0.000000000000000000e+00
0.000000000000000000e+00
0.000000000000000000e+00
4.814660102858513819e-04
0.000000000000000000e+00
0.000000000000000000e+00
0.000000000000000000e+00
0.000000000000000000e+00
0.000000000000000000e+00
7.964954201513341171e-04
1.737190696818252189e-04
1.400942796799168298e-02
1.991238550378335293e-04
5.990030787342337515e-03
0.000000000000000000e+00
6.418680689133592597e-04
0.000000000000000000e+00
0.000000000000000000e+00
0.000000000000000000e+00
1.327492366918890286e-04
0.000000000000000000e+00
9.830539783326668404e-04
0.000000000000000000e+00
3.982477100756670585e-04
9.778142526467960890e-04
6.401611363295311996e-04
7.964954201513341171e-04
1.327492366918890286e-04
1.592990840302668234e-03
0.000000000000000000e+00
0.000000000000000000e+00
2.986857825567502804e-04
1.592990840302668234e-03
0.000000000000000000e+00
1.991238550378335293e-04
3.338796135558957392e-04
0.000000000000000000e+00
7.340139124656329395e-04
3.982477100756670585e-04
3.982477100756670585e-04
5.575467941059338711e-03
2.077460971003817439e-04
2.139214238363696199e-04
7.964954201513341171e-04
7.964954201513341171e-04
3.982477100756670585e-04
0.000000000000000000e+00
1.035444046196734406e-02
0.000000000000000000e+00
0.000000000000000000e+00
1.991238550378335564e-04
0.000000000000000000e+00
0.000000000000000000e+00
0.000000000000000000e+00
0.000000000000000000e+00
0.000000000000000000e+00
9.882119391026191434e-04
0.000000000000000000e+00
0.000000000000000000e+00
0.000000000000000000e+00
6.770211071286340483e-03
0.000000000000000000e+00
1.137850600216191538e-04
3.982477100756670585e-04
1.327492366918890286e-04
0.000000000000000000e+00
4.265024963157940086e-04
3.521418627620392624e-04
0.000000000000000000e+00
3.982477100756670585e-04
0.000000000000000000e+00
4.632302521093629760e-04
0.000000000000000000e+00
0.000000000000000000e+00
0.000000000000000000e+00
3.982477100756670585e-04
0.000000000000000000e+00
0.000000000000000000e+00
7.964954201513340087e-05
0.000000000000000000e+00
0.000000000000000000e+00
0.000000000000000000e+00
0.000000000000000000e+00
1.194743130227001121e-03
3.982477100756670585e-04
0.000000000000000000e+00
0.000000000000000000e+00
9.956192751891676464e-05
0.000000000000000000e+00
5.851546398546968435e-04
2.986857825567502804e-04
0.000000000000000000e+00
2.032654011779179524e-04
0.000000000000000000e+00
0.000000000000000000e+00
4.896286564047147441e-04
3.982477100756670585e-04
3.337011053790831135e-04
0.000000000000000000e+00
1.991238550378335293e-04
0.000000000000000000e+00
2.654984733837780571e-04
3.982477100756670585e-04
1.991238550378335293e-04
3.982477100756670585e-04
7.009906544929783365e-04
7.964954201513341171e-04
3.982477100756670585e-04
0.000000000000000000e+00
3.982477100756670585e-04
7.703162230874982107e-05
0.000000000000000000e+00
0.000000000000000000e+00
0.000000000000000000e+00
4.265024963157940086e-04
3.982477100756670585e-04
2.986857825567502804e-04
3.982477100756670585e-04
0.000000000000000000e+00
0.000000000000000000e+00
0.000000000000000000e+00
0.000000000000000000e+00
0.000000000000000000e+00
0.000000000000000000e+00
0.000000000000000000e+00
0.000000000000000000e+00
0.000000000000000000e+00
0.000000000000000000e+00
0.000000000000000000e+00
0.000000000000000000e+00
0.000000000000000000e+00
0.000000000000000000e+00
3.982477100756670585e-04
7.964954201513341171e-04
3.982477100756671128e-04
0.000000000000000000e+00
0.000000000000000000e+00
3.982477100756670585e-04
3.982477100756670585e-04
1.855559462454091303e-04
0.000000000000000000e+00
3.982477100756670585e-04
0.000000000000000000e+00
3.982477100756670585e-04
3.982477100756671128e-04
1.592990840302668234e-03
0.000000000000000000e+00
0.000000000000000000e+00
0.000000000000000000e+00
0.000000000000000000e+00
3.751947864188531333e-04
0.000000000000000000e+00
3.982477100756670585e-04
0.000000000000000000e+00
0.000000000000000000e+00
3.982477100756670585e-04
3.982477100756670585e-04
6.424321755338345021e-04
0.000000000000000000e+00
3.982477100756670585e-04
0.000000000000000000e+00
7.964954201513341171e-04
3.982477100756670585e-04
0.000000000000000000e+00
3.982477100756670585e-04
3.982477100756670585e-04
0.000000000000000000e+00
0.000000000000000000e+00
0.000000000000000000e+00
3.982477100756670585e-04
7.268969582211247220e-04
0.000000000000000000e+00
0.000000000000000000e+00
9.956192751891676464e-05
7.964954201513341171e-04
6.145409587251861620e-04
0.000000000000000000e+00
7.009906544929782280e-04
7.964954201513341171e-04
7.964954201513341171e-04
3.982477100756670585e-04
0.000000000000000000e+00
3.982477100756670585e-04
0.000000000000000000e+00
0.000000000000000000e+00
7.964954201513341171e-04
0.000000000000000000e+00
0.000000000000000000e+00
1.327492366918890286e-04
0.000000000000000000e+00
0.000000000000000000e+00
0.000000000000000000e+00
3.982477100756670585e-04
0.000000000000000000e+00
4.709892863616631144e-04
0.000000000000000000e+00
0.000000000000000000e+00
0.000000000000000000e+00
4.537919047493288883e-04
4.241808068857622744e-04
9.956192751891676464e-05
3.521418627620392624e-04
3.982477100756670585e-04
0.000000000000000000e+00
4.265024963157940086e-04
0.000000000000000000e+00
1.194743130227001121e-03
3.316644990238527997e-04
6.424321755338345021e-04
4.380724810832337807e-03
3.982477100756670585e-04
0.000000000000000000e+00
0.000000000000000000e+00
0.000000000000000000e+00
0.000000000000000000e+00
4.050107187866481488e-05
7.964954201513340087e-05
0.000000000000000000e+00
0.000000000000000000e+00
2.453390211959560318e-04
0.000000000000000000e+00
0.000000000000000000e+00
3.982477100756670585e-04
0.000000000000000000e+00
1.115484157225456316e-03
1.855559462454091303e-04
6.827103601297148956e-04
1.327492366918890286e-04
4.995955074823961971e-04
3.399769472497602102e-04
3.129327423217083664e-04
3.982477100756670585e-04
0.000000000000000000e+00
3.982477100756671128e-04
0.000000000000000000e+00
5.402744858190041506e-04
3.751947864188531333e-04
0.000000000000000000e+00
0.000000000000000000e+00
3.323042320730935527e-04
0.000000000000000000e+00
0.000000000000000000e+00
0.000000000000000000e+00
0.000000000000000000e+00
5.689459060351525002e-03
1.991238550378335022e-04
7.964954201513341171e-04
0.000000000000000000e+00
0.000000000000000000e+00
1.991238550378335293e-04
0.000000000000000000e+00
1.194743130227001121e-03
3.718647369019850864e-04
0.000000000000000000e+00
0.000000000000000000e+00
0.000000000000000000e+00
3.982477100756670585e-04
3.982477100756670585e-04
3.982477100756670585e-04
0.000000000000000000e+00
2.389486260454002026e-04
5.702424201092326592e-04
1.592990840302668017e-04
4.279120459422395065e-04
0.000000000000000000e+00
7.964954201513341171e-04
7.964954201513341171e-04
2.389486260454002243e-03
3.982477100756670585e-04
3.982477100756670585e-04
2.349661489446435575e-02
0.000000000000000000e+00
3.982477100756671128e-04
3.551953550370041805e-04
0.000000000000000000e+00
0.000000000000000000e+00
1.661968776803054060e-04
3.982477100756670585e-04
0.000000000000000000e+00
4.327797801583604107e-05
2.389486260454002243e-03
0.000000000000000000e+00
0.000000000000000000e+00
3.982477100756670585e-04
5.331464459959780718e-04
0.000000000000000000e+00
3.769337021500564450e-04
3.982477100756670585e-04
3.982477100756671128e-04
7.964954201513341171e-04
0.000000000000000000e+00
0.000000000000000000e+00
0.000000000000000000e+00
7.964954201513341171e-04
3.982477100756670585e-04
3.982477100756670585e-04
0.000000000000000000e+00
0.000000000000000000e+00
7.964954201513340087e-05
2.871593207283433449e-04
0.000000000000000000e+00
5.402744858190041506e-04
3.119621781186639078e-04
0.000000000000000000e+00
1.592990840302668234e-03
0.000000000000000000e+00
0.000000000000000000e+00
3.811847165248753635e-04
5.402744858190041506e-04
1.592990840302668234e-03
4.883689309163348870e-04
0.000000000000000000e+00
0.000000000000000000e+00
0.000000000000000000e+00
0.000000000000000000e+00
0.000000000000000000e+00
0.000000000000000000e+00
1.592990840302668234e-03
0.000000000000000000e+00
3.982477100756670585e-04
0.000000000000000000e+00
0.000000000000000000e+00
0.000000000000000000e+00
0.000000000000000000e+00
0.000000000000000000e+00
1.400942796799168298e-02
1.991238550378335130e-03
1.194743130227001121e-03
9.956192751891676464e-05
2.986857825567502804e-04
3.982477100756670585e-04
0.000000000000000000e+00
0.000000000000000000e+00
0.000000000000000000e+00
0.000000000000000000e+00
3.982477100756670585e-04
3.982477100756670585e-04
3.982477100756670043e-04
0.000000000000000000e+00
0.000000000000000000e+00
4.632302521093629760e-04
0.000000000000000000e+00
0.000000000000000000e+00
3.982477100756670585e-04
0.000000000000000000e+00
0.000000000000000000e+00
3.982477100756670585e-04
3.982477100756670585e-04
8.685953484091260947e-05
0.000000000000000000e+00
0.000000000000000000e+00
0.000000000000000000e+00
9.956192751891676464e-05
3.982477100756670585e-04
6.424321755338345021e-04
9.956192751891676464e-05
3.982477100756670585e-04
0.000000000000000000e+00
2.654984733837780571e-04
0.000000000000000000e+00
0.000000000000000000e+00
0.000000000000000000e+00
0.000000000000000000e+00
3.982477100756670585e-04
3.982477100756670585e-04
5.202197971223350859e-04
7.964954201513341171e-04
1.871982986655184699e-04
3.982477100756670585e-04
3.982477100756670585e-04
0.000000000000000000e+00
0.000000000000000000e+00
1.991238550378335293e-04
2.489048187972918913e-04
3.982477100756670585e-04
0.000000000000000000e+00
3.982477100756670585e-04
0.000000000000000000e+00
2.032759786101076300e-04
3.982477100756670585e-04
1.991238550378335564e-04
0.000000000000000000e+00
0.000000000000000000e+00
3.982477100756670585e-04
2.986857825567502804e-04
7.964954201513341171e-04
3.521418627620392624e-04
1.327492366918890286e-04
7.009906544929783365e-04
7.964954201513341171e-04
0.000000000000000000e+00
7.964954201513341171e-04
0.000000000000000000e+00
9.956192751891676464e-05
3.982477100756670585e-04
1.991238550378335564e-04
0.000000000000000000e+00
3.982477100756670585e-04
7.009906544929783365e-04
3.982477100756670585e-04
0.000000000000000000e+00
0.000000000000000000e+00
3.982477100756670585e-04
3.982477100756670585e-04
7.964954201513341171e-04
1.991238550378335293e-04
0.000000000000000000e+00
1.991238550378335130e-03
3.982477100756670585e-04
7.009906544929783365e-04
3.982477100756670585e-04
0.000000000000000000e+00
0.000000000000000000e+00
1.991238550378335293e-04
0.000000000000000000e+00
0.000000000000000000e+00
6.424321755338345021e-04
2.389486260454002026e-04
1.991238550378335293e-04
0.000000000000000000e+00
0.000000000000000000e+00
1.592990840302668234e-03
0.000000000000000000e+00
0.000000000000000000e+00
2.275701200432383076e-04
3.982477100756670585e-04
0.000000000000000000e+00
3.982477100756670585e-04
2.986857825567502804e-04
1.540632446174996421e-04
7.964954201513341171e-04
3.982477100756670585e-04
7.964954201513341171e-04
7.964954201513341171e-04
7.168458781362007162e-04
7.964954201513341171e-04
7.964954201513341171e-04
0.000000000000000000e+00
5.880939535678011455e-04
0.000000000000000000e+00
0.000000000000000000e+00
8.446761262082533089e-04
3.982477100756670585e-04
0.000000000000000000e+00
0.000000000000000000e+00
3.982477100756670585e-04
2.688718916259626862e-04
0.000000000000000000e+00
0.000000000000000000e+00
0.000000000000000000e+00
6.399871808669000805e-04
1.991238550378335293e-04
0.000000000000000000e+00
3.982477100756670585e-04
3.982477100756670585e-04
0.000000000000000000e+00
0.000000000000000000e+00
7.964954201513341171e-04
0.000000000000000000e+00
0.000000000000000000e+00
0.000000000000000000e+00
0.000000000000000000e+00
3.982477100756670585e-04
8.446761262082533089e-04
4.185274609164900059e-04
3.982477100756671128e-04
1.592990840302668234e-03
0.000000000000000000e+00
2.654984733837780571e-04
1.991238550378335293e-04
0.000000000000000000e+00
1.327492366918890286e-04
0.000000000000000000e+00
3.982477100756670585e-04
0.000000000000000000e+00
4.514659784622724833e-04
7.964954201513341171e-04
3.292708903790955363e-04
0.000000000000000000e+00
0.000000000000000000e+00
0.000000000000000000e+00
0.000000000000000000e+00
0.000000000000000000e+00
0.000000000000000000e+00
0.000000000000000000e+00
0.000000000000000000e+00
0.000000000000000000e+00
0.000000000000000000e+00
0.000000000000000000e+00
0.000000000000000000e+00
0.000000000000000000e+00
0.000000000000000000e+00
0.000000000000000000e+00
0.000000000000000000e+00
3.982477100756670585e-04
0.000000000000000000e+00
7.964954201513341171e-04
7.964954201513341171e-04
7.964954201513341171e-04
0.000000000000000000e+00
0.000000000000000000e+00
3.982477100756670585e-04
7.964954201513341171e-04
1.253079354295477763e-03
9.747465078098644384e-04
1.092234107441725308e-03
0.000000000000000000e+00
3.982477100756670585e-04
0.000000000000000000e+00
3.982477100756671128e-04
0.000000000000000000e+00
3.982477100756670585e-04
3.982477100756670585e-04
7.964954201513341171e-04
0.000000000000000000e+00
7.964954201513341171e-04
5.689459060351525002e-03
6.969334926324173389e-04
3.982477100756670585e-04
3.982477100756670585e-04
0.000000000000000000e+00
3.982477100756670585e-04
0.000000000000000000e+00
6.054858888346225558e-04
1.991238550378335293e-04
0.000000000000000000e+00
3.982477100756670585e-04
3.982477100756670585e-04
3.982477100756670585e-04
3.982477100756670585e-04
6.424321755338345021e-04
3.982477100756670585e-04
0.000000000000000000e+00
3.758119599635129614e-04
3.113881752347544491e-04
3.982477100756670585e-04
3.982477100756670585e-04
3.982477100756670585e-04
3.982477100756671128e-04
3.982477100756670585e-04
0.000000000000000000e+00
0.000000000000000000e+00
3.303727457595702550e-04
0.000000000000000000e+00
2.949205028112256545e-04
4.265024963157940086e-04
4.246306832493490849e-04
1.376405028822825670e-03
2.654984733837780571e-04
8.867826528974557393e-04
2.986857825567502804e-04
2.641063970715294739e-04
0.000000000000000000e+00
7.009906544929783365e-04
0.000000000000000000e+00
6.424321755338345021e-04
3.982477100756670585e-04
3.854876679478549083e-04
0.000000000000000000e+00
3.714584486754568342e-04
0.000000000000000000e+00
1.105305325072610543e-03
0.000000000000000000e+00
1.327492366918890286e-04
2.787733970529669356e-03
3.982477100756670585e-04
3.185981680605336035e-04
1.493428912783751402e-04
3.318730917297225578e-04
9.956192751891676464e-05
3.982477100756670585e-04
4.632302521093629760e-04
2.986857825567502804e-04
2.654984733837780571e-04
3.982477100756670585e-04
7.964954201513341171e-04
0.000000000000000000e+00
0.000000000000000000e+00
0.000000000000000000e+00
6.145409587251861620e-04
0.000000000000000000e+00
4.883689309163348870e-04
3.982477100756670585e-04
0.000000000000000000e+00
0.000000000000000000e+00
0.000000000000000000e+00
7.964954201513341171e-04
0.000000000000000000e+00
0.000000000000000000e+00
3.687164282014160550e-04
3.119621781186639078e-04
3.982477100756671128e-04
3.587329573668098046e-04
0.000000000000000000e+00
4.380724810832337807e-03
3.982477100756670585e-04
0.000000000000000000e+00
0.000000000000000000e+00
2.654984733837780571e-04
0.000000000000000000e+00
0.000000000000000000e+00
5.449910280281478232e-04
2.654984733837780571e-04
0.000000000000000000e+00
1.194743130227001121e-03
0.000000000000000000e+00
3.982477100756670585e-04
2.371860163399113462e-04
1.991238550378335293e-04
0.000000000000000000e+00
7.964954201513340087e-05
0.000000000000000000e+00
0.000000000000000000e+00
9.292446568432231185e-04
0.000000000000000000e+00
2.654984733837780571e-04
5.575467941059338711e-03
3.982477100756670585e-04
2.787733970529669356e-03
0.000000000000000000e+00
3.982477100756670585e-04
3.982477100756670585e-04
7.964954201513341171e-04
0.000000000000000000e+00
3.982477100756670585e-04
0.000000000000000000e+00
0.000000000000000000e+00
0.000000000000000000e+00
3.982477100756670585e-04
0.000000000000000000e+00
9.956192751891676464e-05
1.566374226040750776e-04
1.991238550378335293e-04
1.991238550378335293e-04
9.488148980508767996e-04
0.000000000000000000e+00
4.327797801583604107e-05
6.424321755338345021e-04
2.389486260454002026e-04
1.106243639099075148e-04
1.106243639099075148e-04
1.991238550378335293e-04
1.048020289672807942e-04
0.000000000000000000e+00
3.982477100756670585e-04
1.106243639099075148e-04
0.000000000000000000e+00
0.000000000000000000e+00
2.032759786101076300e-04
2.986857825567502804e-04
3.982477100756670585e-04
2.275701200432383076e-04
2.527063793116660637e-04
0.000000000000000000e+00
0.000000000000000000e+00
5.567264072767971490e-04
0.000000000000000000e+00
0.000000000000000000e+00
7.128058914183715757e-04
0.000000000000000000e+00
0.000000000000000000e+00
0.000000000000000000e+00
1.991238550378335293e-04
0.000000000000000000e+00
5.702424201092326592e-04
1.373042256922027372e-03
4.632302521093629760e-04
5.575467941059338711e-03
0.000000000000000000e+00
2.371860163399113462e-04
2.371860163399113462e-04
1.426142825575797105e-04
3.218245062894378511e-04
6.145409587251861620e-04
0.000000000000000000e+00
3.587329573668098046e-04
0.000000000000000000e+00
0.000000000000000000e+00
7.964954201513341171e-04
0.000000000000000000e+00
8.977362600403286782e-04
0.000000000000000000e+00
0.000000000000000000e+00
1.493428912783751402e-04
5.359168156285963429e-04
0.000000000000000000e+00
0.000000000000000000e+00
7.201866961461483689e-04
4.717725142218680170e-04
1.991238550378335293e-04
0.000000000000000000e+00
1.991238550378335564e-04
0.000000000000000000e+00
3.982477100756671128e-04
0.000000000000000000e+00
0.000000000000000000e+00
0.000000000000000000e+00
0.000000000000000000e+00
0.000000000000000000e+00
0.000000000000000000e+00
3.982477100756670585e-04
0.000000000000000000e+00
0.000000000000000000e+00
0.000000000000000000e+00
0.000000000000000000e+00
4.380724810832337807e-03
0.000000000000000000e+00
3.751947864188531333e-04
3.982477100756670585e-04
7.964954201513341171e-04
3.982477100756670585e-04
0.000000000000000000e+00
0.000000000000000000e+00
0.000000000000000000e+00
2.139214238363696199e-04
0.000000000000000000e+00
3.982477100756670585e-04
3.982477100756670585e-04
0.000000000000000000e+00
1.106243639099075148e-04
0.000000000000000000e+00
2.389486260454002026e-04
0.000000000000000000e+00
9.956192751891676464e-05
0.000000000000000000e+00
0.000000000000000000e+00
2.654984733837780571e-04
0.000000000000000000e+00
6.424321755338345021e-04
0.000000000000000000e+00
0.000000000000000000e+00
1.991238550378335564e-04
0.000000000000000000e+00
5.203399428047508074e-04
3.982477100756671128e-04
7.964954201513341171e-04
0.000000000000000000e+00
