5.434782608695652240e-04
5.434782608695652240e-04
5.434782608695652240e-04
5.434782608695652240e-04
6.260114963754691503e-04
3.851755433073064498e-04
5.434782608695652240e-04
5.434782608695652240e-04
2.173913043478260679e-04
0.000000000000000000e+00
5.434782608695652240e-04
8.873910688958228186e-04
0.000000000000000000e+00
5.434782608695652240e-04
2.717391304347826120e-04
3.894150546484080296e-04
5.434782608695652240e-04
5.434782608695652240e-04
2.717391304347826012e-03
5.434782608695652240e-04
0.000000000000000000e+00
5.434782608695652240e-04
5.434782608695652240e-04
0.000000000000000000e+00
5.434782608695652240e-04
4.329769247956961409e-04
1.515994269843096815e-04
1.946219910337406323e-04
1.086956521739130448e-03
5.434782608695652240e-04
2.717391304347826120e-04
1.032608695652173850e-02
1.086956521739130448e-03
5.434782608695652240e-04
5.434782608695652240e-04
5.434782608695652240e-04
2.717391304347826120e-04
5.266167541048308136e-04
5.434782608695652240e-04
2.173913043478260679e-04
4.177292319783918297e-04
3.623188405797102035e-04
5.434782608695652240e-04
7.521157739852427906e-04
5.434782608695652240e-04
5.434782608695652240e-04
5.434782608695652240e-04
3.851755433073064498e-04
5.434782608695652240e-04
0.000000000000000000e+00
5.434782608695652240e-04
2.717391304347826120e-04
5.434782608695652240e-04
5.434782608695652240e-04
5.434782608695652240e-04
5.434782608695652240e-04
5.434782608695653324e-04
2.173913043478260896e-03
5.434782608695652240e-04
5.434782608695652240e-04
4.347826086956521792e-03
5.434782608695652240e-04
5.434782608695652240e-04
5.434782608695652240e-04
0.000000000000000000e+00
5.434782608695652240e-04
5.434782608695652240e-04
3.260869565217391127e-03
1.515994269843096815e-04
0.000000000000000000e+00
2.717391304347826120e-04
0.000000000000000000e+00
5.434782608695652240e-04
5.434782608695652240e-04
5.434782608695652240e-04
3.260869565217391019e-04
1.086956521739130448e-03
5.434782608695652240e-04
1.283199689575116684e-03
5.434782608695651156e-04
5.434782608695652240e-04
0.000000000000000000e+00
3.332321699812274278e-04
5.434782608695652240e-04
5.434782608695652240e-04
5.434782608695652240e-04
5.266167541048308136e-04
1.811594202898551018e-04
5.434782608695652240e-04
5.434782608695652240e-04
5.434782608695652240e-04
5.434782608695652240e-04
5.434782608695652240e-04
1.515994269843096815e-04
5.434782608695652240e-04
5.434782608695652240e-04
8.970390023007243641e-04
5.434782608695652240e-04
0.000000000000000000e+00
5.434782608695652240e-04
0.000000000000000000e+00
0.000000000000000000e+00
5.434782608695652240e-04
5.434782608695652240e-04
5.434782608695652240e-04
0.000000000000000000e+00
0.000000000000000000e+00
9.057971014492754817e-04
5.434782608695652240e-04
5.434782608695652240e-04
5.434782608695652240e-04
1.086956521739130448e-03
0.000000000000000000e+00
5.266167541048308136e-04
3.851755433073064498e-04
1.086956521739130448e-03
3.881987577639751832e-04
5.434782608695652240e-04
5.434782608695652240e-04
5.434782608695652240e-04
5.434782608695652240e-04
0.000000000000000000e+00
5.434782608695652240e-04
5.434782608695652240e-04
0.000000000000000000e+00
5.434782608695652240e-04
2.717391304347826120e-04
5.434782608695652240e-04
0.000000000000000000e+00
0.000000000000000000e+00
5.434782608695652240e-04
5.434782608695652240e-04
5.434782608695652240e-04
0.000000000000000000e+00
1.086956521739130448e-03
1.086956521739130448e-03
1.358695652173913060e-04
0.000000000000000000e+00
5.434782608695652240e-04
1.811594202898551018e-04
5.434782608695652240e-04
4.875677985664511951e-04
5.434782608695652240e-04
0.000000000000000000e+00
5.434782608695652240e-04
3.332321699812274278e-04
4.892054175697590872e-04
5.434782608695652240e-04
3.260869565217391019e-04
5.434782608695652240e-04
5.434782608695652240e-04
5.434782608695652240e-04
2.173913043478260896e-03
5.434782608695652240e-04
5.434782608695652240e-04
0.000000000000000000e+00
5.434782608695652240e-04
0.000000000000000000e+00
5.434782608695652240e-04
2.173913043478260679e-04
5.434782608695652240e-04
4.528985507246377409e-04
0.000000000000000000e+00
5.434782608695652240e-04
0.000000000000000000e+00
5.434782608695652240e-04
6.260114963754691503e-04
2.717391304347826120e-04
5.434782608695652240e-04
1.515994269843096815e-04
7.158259576128201069e-04
0.000000000000000000e+00
5.434782608695652240e-04
0.000000000000000000e+00
2.717391304347826120e-04
5.434782608695652240e-04
2.065726993021382233e-04
0.000000000000000000e+00
1.630434782608695564e-03
0.000000000000000000e+00
4.891304347826087341e-03
5.434782608695652240e-04
5.434782608695652240e-04
5.434782608695652240e-04
5.434782608695652240e-04
2.717391304347826120e-04
3.804347826086956676e-03
4.347826086956521792e-03
0.000000000000000000e+00
0.000000000000000000e+00
0.000000000000000000e+00
2.173913043478260896e-03
5.434782608695652240e-04
0.000000000000000000e+00
7.805948510177594234e-04
2.153456690063690858e-03
7.608695652173913353e-03
8.152173913043478902e-04
5.434782608695652240e-04
0.000000000000000000e+00
5.434782608695652240e-04
5.434782608695652240e-04
1.086956521739130665e-03
3.260869565217391019e-04
5.434782608695652240e-04
2.717391304347826120e-04
5.434782608695652240e-04
5.434782608695652240e-04
5.434782608695652240e-04
5.434782608695652240e-04
5.434782608695652240e-04
5.434782608695652240e-04
2.717391304347826120e-04
2.173913043478260896e-03
5.434782608695652240e-04
3.918788338852555154e-04
0.000000000000000000e+00
5.434782608695652240e-04
5.434782608695652240e-04
5.434782608695652240e-04
5.434782608695652240e-04
5.434782608695652240e-04
0.000000000000000000e+00
0.000000000000000000e+00
5.434782608695652240e-04
5.434782608695652240e-04
5.434782608695652240e-04
5.434782608695652240e-04
1.358695652173913060e-04
2.717391304347826120e-04
2.173913043478260679e-04
5.434782608695652240e-04
5.434782608695652240e-04
5.434782608695652240e-04
2.717391304347826120e-04
1.358695652173913060e-04
5.434782608695652240e-04
1.542342788020840136e-04
0.000000000000000000e+00
0.000000000000000000e+00
4.892054175697590872e-04
5.434782608695652240e-04
5.434782608695652240e-04
5.434782608695652240e-04
0.000000000000000000e+00
5.434782608695652240e-04
5.434782608695652240e-04
3.623188405797102035e-04
5.172039634239127383e-04
5.434782608695652240e-04
5.434782608695652240e-04
5.434782608695652240e-04
0.000000000000000000e+00
5.434782608695652240e-04
0.000000000000000000e+00
2.717391304347826120e-04
5.434782608695652240e-04
0.000000000000000000e+00
0.000000000000000000e+00
5.434782608695652240e-04
4.076086956521739451e-04
0.000000000000000000e+00
3.804347826086956676e-03
4.892054175697590872e-04
3.546414681056572586e-03
5.434782608695652240e-04
5.434782608695652240e-04
0.000000000000000000e+00
0.000000000000000000e+00
5.434782608695652240e-04
4.875677985664511951e-04
4.875677985664511951e-04
3.804347826086956676e-03
0.000000000000000000e+00
5.434782608695652240e-04
5.272242689709393448e-04
5.434782608695652240e-04
5.434782608695652240e-04
5.434782608695652240e-04
5.434782608695652240e-04
5.434782608695652240e-04
1.195652173913043514e-02
5.434782608695652240e-04
5.434782608695652240e-04
4.658385093167702307e-04
5.434782608695652240e-04
0.000000000000000000e+00
5.434782608695652240e-04
5.434782608695652240e-04
3.804347826086956676e-03
5.434782608695652240e-04
1.150630495533842834e-04
5.434782608695652240e-04
5.434782608695652240e-04
5.434782608695652240e-04
1.358695652173913060e-04
5.434782608695652240e-04
4.168665812439612765e-04
2.065726993021381962e-04
0.000000000000000000e+00
5.434782608695652240e-04
5.434782608695652240e-04
3.260869565217391127e-03
3.851755433073064498e-04
5.434782608695652240e-04
2.835056792494883380e-04
0.000000000000000000e+00
5.434782608695652240e-04
5.434782608695652240e-04
0.000000000000000000e+00
1.134022716997953352e-04
5.434782608695652240e-04
4.076086956521739451e-04
0.000000000000000000e+00
4.249433195730806722e-04
3.260869565217391127e-03
5.434782608695652240e-04
2.717391304347826012e-03
5.434782608695652240e-04
5.434782608695652240e-04
5.434782608695652240e-04
1.630434782608695564e-03
5.434782608695652240e-04
0.000000000000000000e+00
5.434782608695652240e-04
5.434782608695652240e-04
2.173913043478260896e-03
5.434782608695652240e-04
2.717391304347826120e-04
5.434782608695652240e-04
0.000000000000000000e+00
5.434782608695652240e-04
1.086956521739130448e-03
5.434782608695652240e-04
2.717391304347826120e-04
5.434782608695652240e-04
5.434782608695652240e-04
5.434782608695652240e-04
2.717391304347826120e-04
2.835056792494883380e-04
5.434782608695652240e-04
5.434782608695652240e-04
9.838215348010677548e-04
5.434782608695652240e-04
0.000000000000000000e+00
7.568235797155147427e-04
1.086956521739130448e-03
5.434782608695652240e-04
6.867824000312005867e-04
5.434782608695652240e-04
5.434782608695652240e-04
5.434782608695652240e-04
0.000000000000000000e+00
5.434782608695652240e-04
5.434782608695652240e-04
2.173913043478260896e-03
5.434782608695652240e-04
0.000000000000000000e+00
5.434782608695652240e-04
5.434782608695652240e-04
5.434782608695652240e-04
5.434782608695652240e-04
5.434782608695652240e-04
5.434782608695652240e-04
5.434782608695652240e-04
5.434782608695653324e-04
5.434782608695652240e-04
0.000000000000000000e+00
5.434782608695652240e-04
0.000000000000000000e+00
5.434782608695652240e-04
5.434782608695652240e-04
2.173913043478260896e-03
1.086956521739130448e-03
5.434782608695652240e-04
5.434782608695653324e-04
5.434782608695652240e-04
5.434782608695652240e-04
0.000000000000000000e+00
5.434782608695652240e-04
5.434782608695652240e-04
5.434782608695652240e-04
0.000000000000000000e+00
5.434782608695652240e-04
0.000000000000000000e+00
5.434782608695652240e-04
5.434782608695652240e-04
5.434782608695653324e-04
5.434782608695652240e-04
4.347826086956521792e-03
1.086956521739130448e-03
1.086956521739130448e-03
0.000000000000000000e+00
1.358695652173913060e-04
1.110773899937424669e-04
0.000000000000000000e+00
5.434782608695652240e-04
0.000000000000000000e+00
1.086956521739130448e-03
1.086956521739130448e-03
5.434782608695652240e-04
3.301329420236157053e-04
5.434782608695652240e-04
5.434782608695652240e-04
1.149875968806803950e-03
5.434782608695652240e-04
5.434782608695653324e-04
2.102460908883378233e-04
1.630434782608695564e-03
5.434782608695652240e-04
5.434782608695652240e-04
5.434782608695652240e-04
2.958785543518534450e-04
5.434782608695652240e-04
5.434782608695652240e-04
5.434782608695652240e-04
5.434782608695652240e-04
4.710144927536230749e-04
6.330583981280194124e-04
5.434782608695652240e-04
5.172039634239127383e-04
0.000000000000000000e+00
1.358695652173913060e-04
1.086956521739130340e-04
5.434782608695652240e-04
2.173913043478260896e-03
5.434782608695652240e-04
6.128167565531922410e-04
0.000000000000000000e+00
5.434782608695652240e-04
4.643390780112513494e-04
3.614717398142530810e-04
9.906609673176315720e-04
7.008705074831268408e-04
5.434782608695652240e-04
5.434782608695652240e-04
3.260869565217391127e-03
3.031988539686193630e-04
5.434782608695651156e-04
4.643390780112513494e-04
5.434782608695652240e-04
0.000000000000000000e+00
3.260869565217391019e-04
0.000000000000000000e+00
3.918788338852555154e-04
4.892054175697590872e-04
3.798750023565319661e-04
7.158259576128201069e-04
6.128167565531922410e-04
1.630434782608695564e-03
5.434782608695652240e-04
3.260869565217391019e-04
2.153456690063690858e-03
5.434782608695652240e-04
5.434782608695652240e-04
5.434782608695652240e-04
4.892054175697590872e-04
1.003373821799515296e-04
0.000000000000000000e+00
0.000000000000000000e+00
5.434782608695652240e-04
5.434782608695652240e-04
1.086956521739130448e-03
2.618764875345985788e-03
5.434782608695652240e-04
5.434782608695652240e-04
5.434782608695652240e-04
0.000000000000000000e+00
3.851755433073064498e-04
5.434782608695652240e-04
5.434782608695652240e-04
3.302257787726722675e-03
5.434782608695652240e-04
3.623188405797102035e-04
5.434782608695652240e-04
5.434782608695652240e-04
4.940711462450592551e-04
0.000000000000000000e+00
5.434782608695652240e-04
5.434782608695652240e-04
0.000000000000000000e+00
5.434782608695652240e-04
5.434782608695652240e-04
5.434782608695652240e-04
5.434782608695652240e-04
0.000000000000000000e+00
2.173913043478260896e-03
5.434782608695652240e-04
5.434782608695652240e-04
5.434782608695652240e-04
0.000000000000000000e+00
5.434782608695652240e-04
8.767104308507927060e-04
5.434782608695651156e-04
0.000000000000000000e+00
5.434782608695652240e-04
5.434782608695652240e-04
5.434782608695652240e-04
1.630434782608695564e-03
5.434782608695652240e-04
0.000000000000000000e+00
5.434782608695652240e-04
3.260869565217391127e-03
5.434782608695652240e-04
0.000000000000000000e+00
5.434782608695652240e-04
5.434782608695652240e-04
5.434782608695652240e-04
2.173913043478260679e-04
0.000000000000000000e+00
5.434782608695652240e-04
5.434782608695652240e-04
3.260869565217391019e-04
5.434782608695652240e-04
5.434782608695652240e-04
3.396739130434783057e-04
3.851755433073064498e-04
3.851755433073064498e-04
5.434782608695652240e-04
5.434782608695652240e-04
5.434782608695652240e-04
5.434782608695652240e-04
5.266167541048308136e-04
3.851755433073064498e-04
5.434782608695652240e-04
5.434782608695652240e-04
4.076086956521739451e-04
5.434782608695652240e-04
1.630434782608695564e-03
5.434782608695652240e-04
3.851755433073064498e-04
0.000000000000000000e+00
2.717391304347826120e-04
3.546414681056572586e-03
3.918788338852555154e-04
5.434782608695652240e-04
5.434782608695652240e-04
5.434782608695652240e-04
3.851755433073064498e-04
5.434782608695652240e-04
6.793478260869565029e-04
5.434782608695652240e-04
5.434782608695652240e-04
5.434782608695652240e-04
0.000000000000000000e+00
5.434782608695652240e-04
2.173913043478260896e-03
5.434782608695652240e-04
4.643390780112513494e-04
1.086956521739130448e-03
5.434782608695652240e-04
1.811594202898551018e-04
3.614717398142530810e-04
8.695652173913043584e-03
0.000000000000000000e+00
5.434782608695652240e-04
5.434782608695652240e-04
5.434782608695653324e-04
0.000000000000000000e+00
5.434782608695652240e-04
0.000000000000000000e+00
1.086956521739130448e-03
5.434782608695652240e-04
2.717391304347826012e-03
0.000000000000000000e+00
0.000000000000000000e+00
4.347826086956521792e-03
5.434782608695652240e-04
5.434782608695652240e-04
2.173913043478260679e-04
0.000000000000000000e+00
5.434782608695652240e-04
5.434782608695652240e-04
5.434782608695652240e-04
2.717391304347826120e-04
5.434782608695653324e-04
2.717391304347826120e-04
0.000000000000000000e+00
4.875677985664511951e-04
0.000000000000000000e+00
4.710144927536230749e-04
5.434782608695652240e-04
4.755434782608696388e-04
2.153456690063690858e-03
0.000000000000000000e+00
5.434782608695652240e-04
3.488562698358246188e-04
5.434782608695652240e-04
5.434782608695652240e-04
5.434782608695652240e-04
1.630434782608695564e-03
2.717391304347826120e-04
5.434782608695652240e-04
5.434782608695652240e-04
5.434782608695652240e-04
5.434782608695652240e-04
5.434782608695652240e-04
5.434782608695652240e-04
5.434782608695652240e-04
5.434782608695652240e-04
5.434782608695652240e-04
1.811594202898551018e-04
5.434782608695652240e-04
0.000000000000000000e+00
5.434782608695652240e-04
5.434782608695652240e-04
0.000000000000000000e+00
0.000000000000000000e+00
5.434782608695652240e-04
5.579548705476762007e-04
6.664643399624548556e-04
5.434782608695652240e-04
0.000000000000000000e+00
5.434782608695652240e-04
5.434782608695652240e-04
4.710144927536230749e-04
5.434782608695652240e-04
0.000000000000000000e+00
4.347826086956521792e-03
5.172039634239127383e-04
5.172039634239127383e-04
5.434782608695652240e-04
5.434782608695652240e-04
8.873910688958228186e-04
5.434782608695652240e-04
1.630434782608695564e-03
0.000000000000000000e+00
5.434782608695652240e-04
0.000000000000000000e+00
5.434782608695652240e-04
5.434782608695652240e-04
0.000000000000000000e+00
5.434782608695652240e-04
5.434782608695652240e-04
5.434782608695652240e-04
5.434782608695652240e-04
5.434782608695652240e-04
4.643390780112513494e-04
1.630434782608695564e-03
5.434782608695652240e-04
1.630434782608695564e-03
3.517911508513535510e-04
5.579548705476762007e-04
5.434782608695652240e-04
5.434782608695652240e-04
5.434782608695652240e-04
2.717391304347826120e-04
5.434782608695652240e-04
5.434782608695652240e-04
0.000000000000000000e+00
0.000000000000000000e+00
3.851755433073064498e-04
5.434782608695652240e-04
2.717391304347826120e-04
5.434782608695652240e-04
5.434782608695652240e-04
5.434782608695652240e-04
0.000000000000000000e+00
5.434782608695652240e-04
0.000000000000000000e+00
5.434782608695652240e-04
5.434782608695652240e-04
5.434782608695652240e-04
5.434782608695652240e-04
0.000000000000000000e+00
5.434782608695652240e-04
0.000000000000000000e+00
4.076086956521739451e-04
5.434782608695652240e-04
5.434782608695652240e-04
5.434782608695652240e-04
2.717391304347826120e-04
5.434782608695652240e-04
5.434782608695652240e-04
5.434782608695652240e-04
5.434782608695652240e-04
5.434782608695652240e-04
5.434782608695652240e-04
8.736564880742183009e-04
5.434782608695652240e-04
1.358695652173913060e-04
3.260869565217391019e-04
1.358695652173913060e-04
5.434782608695652240e-04
5.434782608695652240e-04
0.000000000000000000e+00
5.434782608695652240e-04
5.434782608695652240e-04
3.623188405797102035e-04
5.266167541048308136e-04
4.710144927536230749e-04
5.434782608695652240e-04
0.000000000000000000e+00
0.000000000000000000e+00
3.301329420236157053e-04
2.717391304347826120e-04
2.173913043478260896e-03
5.434782608695651156e-04
0.000000000000000000e+00
1.515994269843096815e-04
5.434782608695652240e-04
0.000000000000000000e+00
2.684804489578966613e-04
2.402794069009458338e-04
5.434782608695652240e-04
4.249433195730806722e-04
5.434782608695652240e-04
5.434782608695652240e-04
1.358695652173913060e-04
3.881987577639751832e-04
4.362188238435735915e-04
5.434782608695652240e-04
5.434782608695652240e-04
0.000000000000000000e+00
3.301329420236157053e-04
3.851755433073064498e-04
5.434782608695652240e-04
4.347826086956521792e-03
0.000000000000000000e+00
5.434782608695652240e-04
5.434782608695652240e-04
5.434782608695652240e-04
3.260869565217391127e-03
5.434782608695652240e-04
5.434782608695652240e-04
1.630434782608695564e-03
5.434782608695652240e-04
5.434782608695652240e-04
0.000000000000000000e+00
5.434782608695652240e-04
5.434782608695652240e-04
5.434782608695652240e-04
3.031988539686193630e-04
5.434782608695652240e-04
4.892054175697590872e-04
0.000000000000000000e+00
2.717391304347826120e-04
0.000000000000000000e+00
0.000000000000000000e+00
1.630434782608695564e-03
5.434782608695652240e-04
1.630434782608695564e-03
0.000000000000000000e+00
5.434782608695652240e-04
1.086956521739130448e-03
5.434782608695652240e-04
5.434782608695652240e-04
5.434782608695652240e-04
2.717391304347826120e-04
0.000000000000000000e+00
5.434782608695652240e-04
5.434782608695652240e-04
5.434782608695652240e-04
5.434782608695652240e-04
5.434782608695652240e-04
1.086956521739130448e-03
5.434782608695652240e-04
2.153456690063690858e-03
4.249433195730806722e-04
5.434782608695652240e-04
3.098590489532072672e-04
4.528985507246377409e-04
4.347826086956521792e-03
0.000000000000000000e+00
5.434782608695652240e-04
5.434782608695652240e-04
0.000000000000000000e+00
5.434782608695652240e-04
5.434782608695653324e-04
0.000000000000000000e+00
5.434782608695652240e-04
5.434782608695652240e-04
4.249433195730806722e-04
6.128167565531922410e-04
8.893554970042306159e-04
8.893554970042306159e-04
0.000000000000000000e+00
5.434782608695652240e-04
0.000000000000000000e+00
8.003482434158595057e-04
3.623188405797102035e-04
2.717391304347826120e-04
1.086956521739130448e-03
2.919329865506109078e-04
5.434782608695652240e-04
7.837576677705110307e-04
5.434782608695652240e-04
5.434782608695652240e-04
7.837576677705110307e-04
5.434782608695652240e-04
2.717391304347826120e-04
2.717391304347826120e-04
5.434782608695652240e-04
5.434782608695653324e-04
5.273156068137270329e-03
1.086956521739130448e-03
5.434782608695652240e-04
5.434782608695652240e-04
0.000000000000000000e+00
5.434782608695652240e-04
5.434782608695652240e-04
5.434782608695652240e-04
5.434782608695652240e-04
5.434782608695652240e-04
5.434782608695652240e-04
5.434782608695652240e-04
5.434782608695652240e-04
1.358695652173913060e-04
5.434782608695652240e-04
5.434782608695652240e-04
6.260114963754691503e-04
0.000000000000000000e+00
5.434782608695652240e-04
5.434782608695652240e-04
0.000000000000000000e+00
4.076086956521739451e-04
0.000000000000000000e+00
4.528985507246378493e-04
0.000000000000000000e+00
5.434782608695652240e-04
2.717391304347826012e-03
3.369055615674270820e-04
5.434782608695652240e-04
5.434782608695652240e-04
3.748601418453951562e-04
5.434782608695652240e-04
5.434782608695652240e-04
5.434782608695652240e-04
5.434782608695652240e-04
0.000000000000000000e+00
0.000000000000000000e+00
5.434782608695652240e-04
4.528985507246377409e-04
4.249433195730806722e-04
5.434782608695652240e-04
5.434782608695652240e-04
5.434782608695652240e-04
5.434782608695652240e-04
3.918788338852555154e-04
5.434782608695652240e-04
5.434782608695653324e-04
5.434782608695652240e-04
5.434782608695652240e-04
5.434782608695652240e-04
5.434782608695652240e-04
5.434782608695652240e-04
5.434782608695652240e-04
5.434782608695652240e-04
8.003482434158595057e-04
8.003482434158595057e-04
3.623188405797102577e-04
0.000000000000000000e+00
3.851755433073064498e-04
1.086956521739130448e-03
3.614717398142530810e-04
0.000000000000000000e+00
3.614717398142530810e-04
3.614717398142530810e-04
0.000000000000000000e+00
4.643390780112513494e-04
5.434782608695652240e-04
0.000000000000000000e+00
5.434782608695652240e-04
2.717391304347826120e-04
0.000000000000000000e+00
5.434782608695652240e-04
4.177292319783918297e-04
1.811594202898551018e-04
2.432774887921757836e-04
0.000000000000000000e+00
5.434782608695652240e-04
0.000000000000000000e+00
5.434782608695652240e-04
5.434782608695652240e-04
0.000000000000000000e+00
5.434782608695652240e-04
0.000000000000000000e+00
4.710144927536230749e-04
5.434782608695652240e-04
3.623188405797102035e-04
4.249433195730806722e-04
5.434782608695652240e-04
0.000000000000000000e+00
5.434782608695652240e-04
5.434782608695652240e-04
3.623188405797102035e-04
5.434782608695652240e-04
3.623188405797102035e-04
5.434782608695652240e-04
0.000000000000000000e+00
5.434782608695652240e-04
5.434782608695652240e-04
5.434782608695652240e-04
5.434782608695652240e-04
3.369055615674270820e-04
5.434782608695652240e-04
5.434782608695652240e-04
3.623188405797102035e-04
2.717391304347826120e-04
5.434782608695652240e-04
5.434782608695652240e-04
5.434782608695651156e-04
5.434782608695651156e-04
1.086956521739130448e-03
5.434782608695652240e-04
5.434782608695652240e-04
0.000000000000000000e+00
0.000000000000000000e+00
1.630434782608695564e-03
5.434782608695652240e-04
0.000000000000000000e+00
4.658385093167702307e-04
3.748601418453951562e-04
0.000000000000000000e+00
0.000000000000000000e+00
5.434782608695652240e-04
5.434782608695652240e-04
1.295542026855675620e-04
5.434782608695653324e-04
0.000000000000000000e+00
0.000000000000000000e+00
4.076086956521739451e-04
5.434782608695652240e-04
5.434782608695652240e-04
5.434782608695652240e-04
2.717391304347826120e-04
5.434782608695652240e-04
5.434782608695652240e-04
5.434782608695652240e-04
4.365987586524912073e-04
3.488562698358245646e-04
7.113497704445824899e-04
0.000000000000000000e+00
2.717391304347826120e-04
0.000000000000000000e+00
5.434782608695652240e-04
5.434782608695652240e-04
5.434782608695652240e-04
4.755434782608696388e-04
6.100000784840010643e-04
0.000000000000000000e+00
5.172039634239127383e-04
1.811594202898551018e-04
3.614717398142530810e-04
5.434782608695652240e-04
2.717391304347826120e-04
5.434782608695652240e-04
1.086956521739130448e-03
5.434782608695652240e-04
2.173913043478260679e-04
5.434782608695652240e-04
5.434782608695652240e-04
5.434782608695652240e-04
0.000000000000000000e+00
5.434782608695652240e-04
5.434782608695652240e-04
5.434782608695652240e-04
4.528985507246377409e-04
0.000000000000000000e+00
0.000000000000000000e+00
7.608695652173910751e-04
5.434782608695652240e-04
5.434782608695652240e-04
5.434782608695652240e-04
0.000000000000000000e+00
5.434782608695652240e-04
5.434782608695653324e-04
0.000000000000000000e+00
3.301329420236157053e-04
5.434782608695652240e-04
4.710144927536230749e-04
5.434782608695652240e-04
5.434782608695652240e-04
5.434782608695652240e-04
5.434782608695652240e-04
5.434782608695652240e-04
2.717391304347826120e-04
5.434782608695652240e-04
5.434782608695652240e-04
5.434782608695652240e-04
0.000000000000000000e+00
5.706143001016033937e-04
5.434782608695652240e-04
1.086956521739130448e-03
5.434782608695652240e-04
5.434782608695652240e-04
5.434782608695652240e-04
5.434782608695652240e-04
0.000000000000000000e+00
5.434782608695652240e-04
5.434782608695652240e-04
5.434782608695652240e-04
5.434782608695652240e-04
5.434782608695652240e-04
5.434782608695652240e-04
2.173913043478260679e-04
0.000000000000000000e+00
2.102460908883378233e-04
4.710144927536230749e-04
2.717391304347826120e-04
1.303328622652888315e-04
2.717391304347826120e-04
5.434782608695652240e-04
5.434782608695652240e-04
1.086956521739130448e-03
5.434782608695652240e-04
1.304347826086956407e-03
5.434782608695652240e-04
5.434782608695652240e-04
5.434782608695652240e-04
5.434782608695652240e-04
5.434782608695652240e-04
0.000000000000000000e+00
5.434782608695652240e-04
4.131453986042764467e-04
5.434782608695652240e-04
5.434782608695652240e-04
0.000000000000000000e+00
1.086956521739130448e-03
5.978260869565217572e-03
5.434782608695652240e-04
5.434782608695652240e-04
2.717391304347826120e-04
5.434782608695652240e-04
5.434782608695652240e-04
4.425885056975520284e-04
0.000000000000000000e+00
5.434782608695652240e-04
4.076086956521739451e-04
5.434782608695652240e-04
5.434782608695652240e-04
0.000000000000000000e+00
5.434782608695652240e-04
3.851755433073064498e-04
5.434782608695652240e-04
0.000000000000000000e+00
4.940711462450592551e-04
4.076086956521739451e-04
5.434782608695652240e-04
5.434782608695652240e-04
4.177292319783918297e-04
5.434782608695652240e-04
5.434782608695652240e-04
6.321582407862013763e-04
0.000000000000000000e+00
5.434782608695652240e-04
3.894150546484080296e-04
2.065726993021382233e-04
1.630434782608695564e-03
5.434782608695652240e-04
5.434782608695652240e-04
5.434782608695652240e-04
5.434782608695652240e-04
4.940711462450592551e-04
4.940711462450592551e-04
5.434782608695652240e-04
4.622253292957557839e-04
4.076086956521739451e-04
5.434782608695652240e-04
5.434782608695652240e-04
5.434782608695652240e-04
5.434782608695652240e-04
5.434782608695652240e-04
5.434782608695652240e-04
5.434782608695652240e-04
5.434782608695652240e-04
2.717391304347826120e-04
5.434782608695651156e-04
5.434782608695652240e-04
5.434782608695652240e-04
5.434782608695652240e-04
3.937980693607681594e-04
0.000000000000000000e+00
5.434782608695652240e-04
5.434782608695652240e-04
1.358695652173913060e-04
0.000000000000000000e+00
5.434782608695652240e-04
5.434782608695652240e-04
5.434782608695652240e-04
0.000000000000000000e+00
8.970390023007243641e-04
3.260869565217391019e-04
5.434782608695652240e-04
5.434782608695652240e-04
5.434782608695652240e-04
5.434782608695652240e-04
5.434782608695652240e-04
5.434782608695652240e-04
1.086956521739130448e-03
5.434782608695652240e-04
5.434782608695652240e-04
5.434782608695652240e-04
0.000000000000000000e+00
5.434782608695652240e-04
5.434782608695652240e-04
5.434782608695652240e-04
0.000000000000000000e+00
5.434782608695652240e-04
5.434782608695652240e-04
3.623188405797102035e-04
5.434782608695652240e-04
5.434782608695652240e-04
2.402794069009458338e-04
4.076086956521739451e-04
4.076086956521739451e-04
1.811594202898551018e-04
4.892054175697590872e-04
3.851755433073064498e-04
5.434782608695652240e-04
5.434782608695652240e-04
2.717391304347826120e-04
2.717391304347826120e-04
1.358695652173913060e-04
4.940711462450592551e-04
5.434782608695652240e-04
5.434782608695652240e-04
5.434782608695652240e-04
5.434782608695652240e-04
3.623188405797102035e-04
5.434782608695652240e-04
0.000000000000000000e+00
5.434782608695652240e-04
1.496801915087971188e-04
3.031988539686193630e-04
5.434782608695652240e-04
6.977125396716492376e-04
5.434782608695652240e-04
5.434782608695652240e-04
5.434782608695652240e-04
5.434782608695652240e-04
5.434782608695652240e-04
1.086956521739130448e-03
1.086956521739130448e-03
5.434782608695652240e-04
5.434782608695652240e-04
0.000000000000000000e+00
1.811594202898551018e-04
5.434782608695652240e-04
5.434782608695652240e-04
2.642552028148732637e-04
2.717391304347826012e-03
9.629555442149887595e-05
0.000000000000000000e+00
5.434782608695652240e-04
5.434782608695652240e-04
5.434782608695652240e-04
5.434782608695652240e-04
1.013361591305311738e-03
5.434782608695652240e-04
5.434782608695652240e-04
5.434782608695653324e-04
5.434782608695652240e-04
5.434782608695652240e-04
5.434782608695652240e-04
2.835056792494883380e-04
1.135658433846591087e-04
5.434782608695652240e-04
5.434782608695652240e-04
5.434782608695652240e-04
1.811594202898551018e-04
5.434782608695652240e-04
5.434782608695652240e-04
0.000000000000000000e+00
1.630434782608695564e-03
0.000000000000000000e+00
0.000000000000000000e+00
5.434782608695652240e-04
1.396115290273459801e-04
0.000000000000000000e+00
2.400352275572559583e-04
0.000000000000000000e+00
5.434782608695652240e-04
1.630434782608695564e-03
1.303328622652888315e-04
0.000000000000000000e+00
5.434782608695652240e-04
0.000000000000000000e+00
5.434782608695652240e-04
1.630434782608695564e-03
5.434782608695652240e-04
5.434782608695652240e-04
1.135658433846591087e-04
5.434782608695652240e-04
5.434782608695652240e-04
5.434782608695652240e-04
5.434782608695652240e-04
5.434782608695652240e-04
4.076086956521739451e-04
0.000000000000000000e+00
0.000000000000000000e+00
5.434782608695652240e-04
0.000000000000000000e+00
5.434782608695652240e-04
5.434782608695652240e-04
5.434782608695652240e-04
5.434782608695652240e-04
5.434782608695652240e-04
1.156295017422757357e-03
0.000000000000000000e+00
5.434782608695652240e-04
1.670822494840352264e-03
0.000000000000000000e+00
3.369055615674270820e-04
0.000000000000000000e+00
5.434782608695652240e-04
0.000000000000000000e+00
0.000000000000000000e+00
5.434782608695652240e-04
3.918788338852555154e-04
5.266167541048308136e-04
5.434782608695652240e-04
0.000000000000000000e+00
5.434782608695652240e-04
5.434782608695652240e-04
5.434782608695652240e-04
0.000000000000000000e+00
5.434782608695652240e-04
4.076086956521739451e-04
5.434782608695652240e-04
5.434782608695652240e-04
0.000000000000000000e+00
4.076086956521739451e-04
5.434782608695652240e-04
3.170289855072464620e-04
6.100000784840010643e-04
0.000000000000000000e+00
4.643390780112513494e-04
5.434782608695652240e-04
4.875677985664511951e-04
4.875677985664511951e-04
4.710144927536230749e-04
5.434782608695652240e-04
4.076086956521738909e-04
5.434782608695653324e-04
5.434782608695652240e-04
3.488562698358246188e-04
0.000000000000000000e+00
5.434782608695652240e-04
8.970390023007243641e-04
4.362188238435735915e-04
5.434782608695652240e-04
5.434782608695652240e-04
0.000000000000000000e+00
4.329769247956961409e-04
4.892054175697590872e-04
0.000000000000000000e+00
5.434782608695652240e-04
5.434782608695652240e-04
5.434782608695652240e-04
5.434782608695652240e-04
5.434782608695652240e-04
2.717391304347826120e-04
5.434782608695652240e-04
5.434782608695652240e-04
5.434782608695652240e-04
1.086956521739130340e-04
0.000000000000000000e+00
4.425885056975520284e-04
0.000000000000000000e+00
1.630434782608695564e-03
0.000000000000000000e+00
5.434782608695652240e-04
5.434782608695652240e-04
5.434782608695652240e-04
5.434782608695652240e-04
5.434782608695652240e-04
5.434782608695652240e-04
5.434782608695652240e-04
0.000000000000000000e+00
5.434782608695652240e-04
5.434782608695652240e-04
4.249433195730806722e-04
5.434782608695652240e-04
2.173913043478260896e-03
5.434782608695652240e-04
8.873910688958228186e-04
1.253187695935175164e-03
3.031988539686193630e-04
0.000000000000000000e+00
0.000000000000000000e+00
5.434782608695652240e-04
5.434782608695652240e-04
5.434782608695652240e-04
0.000000000000000000e+00
0.000000000000000000e+00
5.434782608695652240e-04
5.434782608695652240e-04
5.434782608695652240e-04
5.434782608695652240e-04
5.434782608695652240e-04
5.434782608695652240e-04
5.434782608695652240e-04
5.434782608695652240e-04
4.940711462450592551e-04
5.434782608695652240e-04
5.434782608695652240e-04
5.434782608695652240e-04
5.434782608695652240e-04
4.425885056975520284e-04
4.891304347826087341e-03
5.434782608695652240e-04
5.434782608695652240e-04
2.717391304347826662e-04
4.076086956521739451e-04
5.434782608695652240e-04
5.434782608695652240e-04
5.434782608695652240e-04
4.528985507246377409e-04
5.434782608695652240e-04
0.000000000000000000e+00
1.811594202898551018e-04
5.434782608695652240e-04
1.134022716997953352e-04
1.086956521739130448e-03
0.000000000000000000e+00
5.434782608695652240e-04
5.434782608695652240e-04
5.434782608695652240e-04
5.434782608695652240e-04
4.347826086956521792e-03
5.434782608695652240e-04
1.542342788020840136e-04
1.630434782608695564e-03
5.434782608695652240e-04
5.434782608695652240e-04
5.434782608695652240e-04
5.434782608695652240e-04
5.434782608695652240e-04
5.434782608695653324e-04
5.434782608695653324e-04
5.434782608695652240e-04
3.623188405797102035e-04
5.434782608695652240e-04
5.434782608695652240e-04
5.434782608695652240e-04
1.811594202898551018e-04
0.000000000000000000e+00
5.434782608695652240e-04
5.434782608695652240e-04
1.086956521739130448e-03
3.285220521271121799e-04
0.000000000000000000e+00
5.434782608695652240e-04
5.434782608695652240e-04
0.000000000000000000e+00
0.000000000000000000e+00
5.434782608695652240e-04
1.086956521739130448e-03
5.434782608695652240e-04
5.434782608695652240e-04
0.000000000000000000e+00
3.623188405797102035e-04
1.086956521739130448e-03
1.134022716997953352e-04
5.172039634239127383e-04
0.000000000000000000e+00
1.630434782608695564e-03
5.434782608695652240e-04
5.434782608695652240e-04
0.000000000000000000e+00
2.717391304347826120e-04
4.347826086956521358e-04
1.417089463762746153e-03
1.630434782608695564e-03
0.000000000000000000e+00
5.434782608695652240e-04
5.434782608695652240e-04
5.434782608695652240e-04
2.173913043478260896e-03
5.434782608695652240e-04
5.434782608695652240e-04
5.434782608695652240e-04
5.434782608695652240e-04
5.434782608695652240e-04
5.434782608695652240e-04
5.434782608695652240e-04
5.434782608695652240e-04
5.434782608695652240e-04
5.434782608695652240e-04
5.434782608695652240e-04
3.937980693607681594e-04
1.630434782608695564e-03
5.434782608695652240e-04
5.434782608695652240e-04
5.434782608695652240e-04
7.500509601717033660e-04
2.173913043478260896e-03
6.742903442096108164e-04
0.000000000000000000e+00
5.434782608695652240e-04
0.000000000000000000e+00
5.434782608695652240e-04
0.000000000000000000e+00
0.000000000000000000e+00
5.434782608695652240e-04
3.937980693607681594e-04
6.742903442096108164e-04
2.717391304347826120e-04
3.260869565217391019e-04
5.434782608695652240e-04
3.851755433073064498e-04
5.434782608695652240e-04
5.434782608695652240e-04
2.550427858819329097e-04
0.000000000000000000e+00
5.434782608695652240e-04
2.717391304347826662e-04
2.173913043478260679e-04
5.434782608695652240e-04
3.623188405797102035e-04
5.434782608695652240e-04
8.152173913043477818e-04
4.710144927536230749e-04
5.434782608695652240e-04
3.851755433073064498e-04
5.434782608695652240e-04
3.301329420236157053e-04
0.000000000000000000e+00
0.000000000000000000e+00
1.134022716997953352e-04
0.000000000000000000e+00
4.710144927536230749e-04
0.000000000000000000e+00
5.434782608695652240e-04
5.434782608695652240e-04
5.434782608695652240e-04
5.434782608695652240e-04
5.434782608695652240e-04
2.402794069009458338e-04
5.434782608695652240e-04
5.434782608695652240e-04
3.623188405797102035e-04
5.434782608695652240e-04
0.000000000000000000e+00
6.438156430495165774e-04
2.717391304347826662e-04
5.434782608695652240e-04
3.332321699812274278e-04
5.434782608695652240e-04
6.321582407862013763e-04
5.434782608695652240e-04
5.434782608695652240e-04
8.152173913043477818e-04
5.434782608695652240e-04
5.434782608695652240e-04
5.434782608695652240e-04
5.434782608695652240e-04
5.434782608695652240e-04
2.514980577823469512e-04
4.076086956521738909e-04
5.434782608695652240e-04
3.301329420236157053e-04
5.434782608695652240e-04
3.332321699812274278e-04
5.434782608695652240e-04
5.434782608695652240e-04
1.358695652173913060e-04
5.434782608695652240e-04
5.434782608695652240e-04
5.434782608695652240e-04
1.811594202898551018e-04
5.434782608695652240e-04
5.434782608695652240e-04
5.434782608695651156e-04
5.434782608695652240e-04
0.000000000000000000e+00
0.000000000000000000e+00
1.086956521739130448e-03
5.434782608695652240e-04
5.434782608695652240e-04
5.434782608695652240e-04
5.434782608695652240e-04
3.623188405797102035e-04
5.434782608695652240e-04
0.000000000000000000e+00
4.076086956521739451e-04
2.717391304347826120e-04
5.434782608695652240e-04
1.134022716997953352e-04
0.000000000000000000e+00
5.434782608695652240e-04
5.434782608695652240e-04
0.000000000000000000e+00
5.434782608695652240e-04
0.000000000000000000e+00
0.000000000000000000e+00
1.630434782608695564e-03
5.434782608695652240e-04
6.977125396716492376e-04
5.434782608695652240e-04
0.000000000000000000e+00
1.358695652173913060e-04
5.434782608695652240e-04
5.434782608695652240e-04
5.434782608695652240e-04
5.434782608695652240e-04
0.000000000000000000e+00
4.347826086956521900e-04
5.434782608695652240e-04
0.000000000000000000e+00
0.000000000000000000e+00
2.717391304347826120e-04
5.434782608695652240e-04
3.546616868683761256e-04
5.434782608695652240e-04
5.434782608695652240e-04
5.434782608695652240e-04
2.159236711426126213e-04
4.347826086956521358e-04
5.434782608695652240e-04
5.434782608695652240e-04
4.425885056975520284e-04
5.434782608695652240e-04
5.434782608695652240e-04
3.851755433073064498e-04
5.434782608695652240e-04
5.434782608695652240e-04
5.434782608695652240e-04
5.434782608695652240e-04
1.630434782608695564e-03
5.434782608695652240e-04
9.057971014492755088e-05
2.717391304347826120e-04
2.173913043478260679e-04
5.434782608695652240e-04
0.000000000000000000e+00
4.177292319783918297e-04
5.434782608695652240e-04
5.434782608695652240e-04
5.434782608695652240e-04
0.000000000000000000e+00
5.434782608695652240e-04
5.434782608695652240e-04
0.000000000000000000e+00
5.434782608695652240e-04
4.710144927536230749e-04
5.434782608695652240e-04
0.000000000000000000e+00
5.434782608695652240e-04
5.434782608695652240e-04
5.434782608695652240e-04
1.135658433846591087e-04
1.630434782608695564e-03
5.434782608695652240e-04
5.434782608695652240e-04
0.000000000000000000e+00
5.434782608695652240e-04
1.295542026855675620e-04
5.434782608695652240e-04
5.434782608695652240e-04
5.434782608695652240e-04
5.434782608695652240e-04
4.329769247956961409e-04
5.434782608695652240e-04
3.301329420236157053e-04
0.000000000000000000e+00
5.434782608695652240e-04
0.000000000000000000e+00
1.358695652173913060e-04
5.434782608695652240e-04
5.434782608695652240e-04
0.000000000000000000e+00
5.434782608695652240e-04
2.173913043478260896e-03
5.434782608695652240e-04
2.717391304347826662e-04
2.717391304347826012e-03
0.000000000000000000e+00
3.623188405797102035e-04
1.396115290273459801e-04
5.434782608695652240e-04
0.000000000000000000e+00
0.000000000000000000e+00
5.434782608695652240e-04
1.811594202898551018e-04
1.200176137786279791e-04
2.717391304347826120e-04
5.434782608695652240e-04
0.000000000000000000e+00
5.434782608695652240e-04
1.630434782608695564e-03
5.434782608695652240e-04
5.434782608695652240e-04
5.172039634239127383e-04
5.434782608695652240e-04
4.892054175697590872e-04
1.811594202898551018e-04
5.434782608695652240e-04
5.434782608695652240e-04
6.128167565531922410e-04
1.811594202898551018e-04
5.434782608695652240e-04
4.643390780112513494e-04
5.434782608695652240e-04
4.383552154253963530e-04
1.086956521739130448e-03
5.434782608695652240e-04
5.434782608695652240e-04
5.434782608695652240e-04
4.471827064480663480e-04
5.434782608695652240e-04
5.434782608695652240e-04
5.434782608695652240e-04
1.811594202898551018e-04
0.000000000000000000e+00
5.434782608695651156e-04
1.086956521739130448e-03
0.000000000000000000e+00
5.434782608695652240e-04
5.434782608695652240e-04
0.000000000000000000e+00
0.000000000000000000e+00
2.717391304347826120e-04
5.434782608695652240e-04
5.434782608695652240e-04
3.572468807169602184e-04
5.434782608695652240e-04
2.402794069009458338e-04
5.434782608695653324e-04
1.003373821799515296e-04
4.177292319783918297e-04
1.303328622652888315e-04
1.086956521739130448e-03
5.434782608695652240e-04
7.837576677705110307e-04
2.717391304347826120e-04
2.717391304347826120e-04
5.434782608695652240e-04
5.434782608695652240e-04
5.434782608695652240e-04
0.000000000000000000e+00
5.434782608695652240e-04
5.434782608695652240e-04
5.434782608695652240e-04
5.434782608695652240e-04
5.434782608695652240e-04
5.434782608695652240e-04
5.434782608695652240e-04
2.173913043478260896e-03
5.434782608695652240e-04
0.000000000000000000e+00
5.434782608695652240e-04
5.434782608695652240e-04
2.173913043478260679e-04
5.434782608695652240e-04
5.434782608695652240e-04
5.434782608695652240e-04
5.434782608695652240e-04
5.434782608695652240e-04
2.550427858819329097e-04
1.630434782608695564e-03
5.434782608695652240e-04
2.065217391304347699e-02
5.434782608695652240e-04
0.000000000000000000e+00
5.434782608695652240e-04
5.434782608695652240e-04
5.434782608695652240e-04
0.000000000000000000e+00
0.000000000000000000e+00
5.434782608695652240e-04
3.064083782765961205e-04
0.000000000000000000e+00
5.434782608695652240e-04
5.434782608695652240e-04
1.811594202898551018e-04
0.000000000000000000e+00
1.630434782608695564e-03
2.159236711426126213e-04
5.434782608695652240e-04
1.086956521739130665e-03
2.038043478260869725e-04
0.000000000000000000e+00
5.434782608695652240e-04
5.434782608695652240e-04
1.086956521739130448e-03
5.434782608695652240e-04
5.434782608695652240e-04
5.434782608695652240e-04
1.811594202898551018e-04
3.332321699812274278e-04
0.000000000000000000e+00
3.332321699812274278e-04
4.710144927536230749e-04
6.128167565531922410e-04
1.546516317217612371e-03
1.086956521739130448e-03
3.439128080262575946e-04
2.717391304347826012e-03
0.000000000000000000e+00
7.158259576128201069e-04
5.434782608695652240e-04
5.434782608695652240e-04
1.086956521739130340e-04
5.434782608695652240e-04
5.434782608695652240e-04
5.434782608695652240e-04
0.000000000000000000e+00
0.000000000000000000e+00
5.434782608695652240e-04
9.906609673176315720e-04
5.434782608695652240e-04
5.434782608695652240e-04
5.434782608695652240e-04
0.000000000000000000e+00
4.284152113161809406e-04
5.434782608695652240e-04
5.434782608695652240e-04
1.428768329717527985e-03
5.434782608695652240e-04
1.086956521739130448e-03
5.434782608695652240e-04
5.434782608695652240e-04
4.057795531210383298e-04
5.434782608695652240e-04
1.086956521739130448e-03
0.000000000000000000e+00
5.434782608695652240e-04
1.304347826086956407e-03
5.434782608695652240e-04
4.347826086956521900e-04
5.434782608695652240e-04
8.695652173913043801e-04
2.441178778519710135e-04
5.434782608695652240e-04
0.000000000000000000e+00
5.434782608695652240e-04
0.000000000000000000e+00
5.434782608695652240e-04
1.086956521739130340e-04
2.717391304347826120e-04
3.260869565217391019e-04
5.434782608695652240e-04
3.623188405797102035e-04
5.434782608695652240e-04
3.260869565217391019e-04
5.434782608695652240e-04
4.076086956521739451e-04
0.000000000000000000e+00
5.434782608695653324e-04
5.434782608695652240e-04
7.837576677705110307e-04
6.977125396716492376e-04
5.434782608695652240e-04
5.434782608695653324e-04
8.152173913043479986e-04
0.000000000000000000e+00
5.434782608695652240e-04
1.630434782608695564e-03
5.434782608695652240e-04
6.867824000312005867e-04
5.434782608695652240e-04
0.000000000000000000e+00
0.000000000000000000e+00
5.434782608695652240e-04
1.086956521739130448e-03
0.000000000000000000e+00
1.086956521739130448e-03
5.434782608695652240e-04
0.000000000000000000e+00
1.139625007069596007e-03
5.434782608695652240e-04
1.630434782608695564e-03
5.434782608695652240e-04
5.434782608695652240e-04
5.434782608695652240e-04
0.000000000000000000e+00
2.717391304347826120e-04
5.434782608695652240e-04
0.000000000000000000e+00
4.347826086956521358e-04
2.173913043478260896e-03
5.434782608695652240e-04
2.173913043478260896e-03
5.434782608695652240e-04
2.340689907628633239e-03
1.086956521739130448e-03
2.075952603261137057e-03
2.717391304347826120e-04
0.000000000000000000e+00
3.458498023715414569e-04
5.434782608695652240e-04
0.000000000000000000e+00
3.918788338852555154e-04
1.811594202898551018e-04
5.434782608695652240e-04
1.630434782608695564e-03
0.000000000000000000e+00
5.434782608695652240e-04
5.434782608695652240e-04
1.358695652173913060e-04
5.434782608695652240e-04
5.434782608695652240e-04
4.425885056975520284e-04
5.434782608695652240e-04
5.434782608695652240e-04
5.434782608695652240e-04
5.434782608695652240e-04
2.717391304347826120e-04
5.434782608695652240e-04
2.717391304347826120e-04
5.434782608695652240e-04
5.434782608695653324e-04
5.434782608695652240e-04
5.434782608695652240e-04
9.925188353959565803e-04
5.434782608695652240e-04
2.471409076283538446e-04
3.572468807169602184e-04
2.471409076283538446e-04
2.471409076283538446e-04
0.000000000000000000e+00
3.572468807169602184e-04
6.817697582203790987e-04
1.086956521739130665e-03
5.434782608695652240e-04
8.571766239998895951e-04
0.000000000000000000e+00
5.434782608695652240e-04
5.434782608695652240e-04
2.384782216275646647e-04
0.000000000000000000e+00
4.425885056975520284e-04
3.080662368898545896e-04
4.425885056975520284e-04
7.500509601717033660e-04
1.086956521739130448e-03
4.747434966410816852e-04
5.434782608695652240e-04
4.903461957392545685e-04
8.003482434158595057e-04
5.434782608695652240e-04
5.434782608695652240e-04
5.434782608695652240e-04
5.434782608695652240e-04
5.434782608695652240e-04
5.434782608695652240e-04
5.434782608695652240e-04
5.434782608695652240e-04
1.561189702035518630e-03
1.051230454441689116e-04
4.622253292957557839e-04
4.651528472533577306e-04
4.493483732099674008e-04
0.000000000000000000e+00
1.086956521739130448e-03
5.434782608695652240e-04
5.434782608695652240e-04
0.000000000000000000e+00
5.434782608695652240e-04
9.731099551687030259e-05
5.434782608695652240e-04
6.128167565531922410e-04
5.434782608695652240e-04
5.434782608695652240e-04
4.413577039624415311e-04
5.434782608695652240e-04
5.434782608695652240e-04
1.811594202898551018e-04
5.434782608695652240e-04
3.804347826086956676e-03
8.003482434158595057e-04
5.434782608695652240e-04
2.717391304347826120e-04
5.434782608695652240e-04
5.434782608695652240e-04
5.434782608695652240e-04
5.434782608695652240e-04
5.434782608695652240e-04
5.434782608695653324e-04
0.000000000000000000e+00
5.434782608695652240e-04
5.434782608695652240e-04
5.434782608695652240e-04
5.434782608695652240e-04
3.332321699812274278e-04
0.000000000000000000e+00
5.434782608695652240e-04
0.000000000000000000e+00
4.616766316130485950e-04
5.434782608695652240e-04
5.434782608695652240e-04
8.767104308507927060e-04
5.434782608695652240e-04
0.000000000000000000e+00
5.434782608695652240e-04
0.000000000000000000e+00
5.434782608695652240e-04
5.434782608695653324e-04
8.262907972085528933e-04
0.000000000000000000e+00
5.434782608695652240e-04
4.168665812439612765e-04
1.303328622652888315e-04
5.434782608695652240e-04
5.434782608695652240e-04
5.434782608695652240e-04
5.434782608695652240e-04
1.086956521739130448e-03
5.434782608695652240e-04
0.000000000000000000e+00
8.873910688958228186e-04
0.000000000000000000e+00
1.811594202898551018e-04
4.425885056975520284e-04
6.151303304503829596e-04
7.313516978496767927e-04
9.838215348010677548e-04
5.434782608695652240e-04
0.000000000000000000e+00
1.086956521739130448e-03
8.003482434158595057e-04
5.434782608695652240e-04
5.434782608695652240e-04
1.811594202898551018e-04
5.434782608695652240e-04
0.000000000000000000e+00
2.063330887647598158e-04
5.434782608695652240e-04
4.805588138018916677e-04
5.434782608695652240e-04
5.434782608695652240e-04
5.434782608695652240e-04
0.000000000000000000e+00
0.000000000000000000e+00
5.434782608695652240e-04
5.434782608695652240e-04
1.086956521739130448e-03
5.434782608695652240e-04
4.347826086956521792e-03
2.717391304347826120e-04
5.434782608695652240e-04
2.717391304347826120e-04
0.000000000000000000e+00
7.500509601717033660e-04
5.434782608695652240e-04
8.152173913043477818e-04
5.434782608695652240e-04
5.434782608695652240e-04
5.434782608695652240e-04
5.434782608695652240e-04
5.434782608695652240e-04
0.000000000000000000e+00
0.000000000000000000e+00
5.434782608695652240e-04
0.000000000000000000e+00
1.811594202898551018e-04
3.623188405797102035e-04
0.000000000000000000e+00
0.000000000000000000e+00
6.321582407862013763e-04
3.105590062111801357e-04
5.434782608695652240e-04
7.100943458601789108e-04
0.000000000000000000e+00
4.667695611673090893e-04
5.434782608695652240e-04
0.000000000000000000e+00
5.434782608695652240e-04
5.434782608695652240e-04
0.000000000000000000e+00
4.425885056975520284e-04
5.434782608695651156e-04
5.434782608695652240e-04
5.434782608695652240e-04
0.000000000000000000e+00
5.434782608695652240e-04
5.434782608695652240e-04
5.434782608695652240e-04
5.434782608695652240e-04
5.434782608695652240e-04
5.434782608695652240e-04
5.434782608695652240e-04
0.000000000000000000e+00
4.425885056975520284e-04
5.434782608695652240e-04
1.135658433846591087e-04
5.434782608695652240e-04
5.434782608695652240e-04
5.434782608695652240e-04
0.000000000000000000e+00
0.000000000000000000e+00
5.434782608695652240e-04
0.000000000000000000e+00
5.434782608695652240e-04
2.717391304347826120e-04
5.434782608695652240e-04
4.425885056975520284e-04
1.135658433846591087e-04
5.434782608695652240e-04
5.434782608695652240e-04
5.434782608695652240e-04
0.000000000000000000e+00
5.434782608695652240e-04
5.434782608695652240e-04
6.521739130434780953e-04
2.717391304347826662e-04
0.000000000000000000e+00
5.434782608695652240e-04
5.434782608695652240e-04
5.434782608695652240e-04
5.434782608695652240e-04
5.434782608695652240e-04
2.063330887647598158e-04
5.434782608695652240e-04
3.851755433073064498e-04
5.434782608695652240e-04
5.434782608695652240e-04
5.434782608695652240e-04
5.434782608695652240e-04
0.000000000000000000e+00
5.434782608695652240e-04
0.000000000000000000e+00
1.086956521739130448e-03
5.434782608695652240e-04
5.434782608695652240e-04
5.434782608695652240e-04
5.434782608695652240e-04
5.434782608695652240e-04
0.000000000000000000e+00
5.434782608695652240e-04
3.623188405797102035e-04
5.434782608695652240e-04
5.434782608695652240e-04
5.434782608695652240e-04
0.000000000000000000e+00
1.630434782608695564e-03
5.434782608695652240e-04
5.434782608695652240e-04
2.717391304347826120e-04
5.434782608695652240e-04
3.851755433073064498e-04
0.000000000000000000e+00
5.434782608695652240e-04
2.717391304347826120e-04
5.434782608695652240e-04
5.434782608695652240e-04
5.434782608695652240e-04
5.434782608695651156e-04
6.321582407862013763e-04
1.630434782608695564e-03
3.301329420236157053e-04
2.717391304347826662e-04
1.811594202898551018e-04
5.434782608695652240e-04
5.434782608695652240e-04
2.475997065177117790e-04
0.000000000000000000e+00
0.000000000000000000e+00
3.170289855072464620e-04
5.434782608695652240e-04
5.434782608695652240e-04
5.434782608695652240e-04
1.630434782608695564e-03
5.434782608695652240e-04
5.434782608695652240e-04
5.434782608695652240e-04
5.434782608695652240e-04
5.434782608695652240e-04
5.434782608695652240e-04
5.434782608695652240e-04
